    3   26   78
  28.085  72.610   1.000
    1    1  0.0200  0.0000  0.0000
 -0.304772   0.000812  -0.011180
  0.144039   0.017372  -0.048270
 -0.000577  -0.000334   0.003796
 -0.000393  -0.000643   0.003162
 -0.003080   0.002265   0.001514
  0.068178  -0.061011   0.003224
  0.056117   0.049276   0.024266
 -0.008372   0.000945  -0.006775
  0.001169   0.000479  -0.000780
 -0.002404  -0.002854   0.000207
  0.000685  -0.000423  -0.000267
  0.001661  -0.001018  -0.000262
 -0.000022   0.000668  -0.002370
 -0.000074  -0.000078   0.000037
 -0.000480  -0.000055  -0.000369
  0.006940  -0.011024   0.002075
 -0.004261   0.008952  -0.000302
  0.030626  -0.006516   0.031440
  0.000082   0.000231  -0.001936
  0.001304   0.001094   0.000242
  0.000619   0.000547  -0.000025
  0.000637  -0.001300   0.005816
  0.004351   0.001110  -0.002132
  0.005825   0.000709  -0.003024
 -0.003945  -0.009195  -0.004561
  0.006148   0.009991   0.006474
    1    2  0.0000  0.0200  0.0000
  0.000891  -0.294590   0.033380
  0.020082   0.033992  -0.008896
 -0.000395  -0.000207  -0.005718
 -0.002076  -0.007288   0.004392
  0.002472   0.000016   0.000653
 -0.062204   0.117184  -0.005734
  0.047161   0.103611   0.037865
  0.002174  -0.000584  -0.001424
  0.000445  -0.004119  -0.000972
 -0.002786  -0.000330  -0.000274
 -0.000403   0.000152   0.000043
 -0.001004  -0.000059   0.000376
  0.000612  -0.000532   0.003506
 -0.000110   0.000912   0.000246
 -0.000097   0.001956   0.000396
  0.005005  -0.003637  -0.000421
 -0.006052   0.006751  -0.001965
 -0.006480   0.038144  -0.056672
 -0.000850   0.001393  -0.005530
  0.001087   0.000454  -0.000374
  0.000528   0.000207   0.000053
 -0.000114   0.000558  -0.000342
  0.011038   0.001255  -0.006106
 -0.013549  -0.003269   0.007071
  0.006080   0.007737   0.005351
 -0.001455   0.000294   0.001097
    1    3  0.0000  0.0000  0.0200
 -0.011260   0.033410  -0.440276
 -0.060847  -0.009683   0.058764
  0.007263  -0.010816  -0.002915
  0.005814   0.009661   0.003883
  0.001330   0.000148  -0.000079
  0.011406  -0.017584   0.029801
  0.030999   0.050743   0.054608
 -0.011340  -0.001777   0.003660
 -0.000703  -0.001002  -0.000212
  0.000124  -0.000042  -0.000387
 -0.000261   0.000025  -0.000083
 -0.000437   0.000230   0.000018
  0.000434  -0.000780   0.005293
  0.000156   0.000257  -0.000103
 -0.000109   0.000453  -0.000062
 -0.005763   0.007106  -0.000457
 -0.004565   0.008136  -0.000417
  0.031042  -0.056480   0.295309
  0.000196  -0.000949   0.003156
  0.000068  -0.000122  -0.000357
 -0.000079   0.000116  -0.000071
  0.000482  -0.000706   0.003527
  0.009614   0.001283  -0.005261
  0.004004   0.000761  -0.002170
 -0.001194  -0.004600  -0.001625
 -0.006372  -0.007789  -0.003543
    2    1  0.0200  0.0000  0.0000
  0.144117   0.020166  -0.061173
 -0.401458   0.015263  -0.042368
 -0.001080   0.000386   0.002085
 -0.000852  -0.001375   0.001881
 -0.000651   0.001220   0.007488
  0.006194  -0.004152   0.000158
  0.004529   0.004537   0.002890
  0.030459  -0.005319   0.022514
  0.000561   0.000044  -0.000377
 -0.000339  -0.003054   0.004792
  0.000028   0.000055  -0.000563
  0.001985  -0.002454   0.000226
  0.000292   0.000123  -0.001234
  0.000106   0.000041  -0.000058
 -0.000288   0.000050  -0.000181
 -0.001048   0.000913  -0.000248
 -0.000820   0.001437  -0.000252
 -0.006498  -0.001018   0.002920
  0.000234   0.000413  -0.001206
  0.001369   0.001718   0.000849
  0.000137  -0.000074  -0.000419
 -0.000777   0.003743  -0.016550
  0.100059   0.095417   0.062015
  0.125627  -0.125408   0.018553
 -0.000632  -0.001384  -0.000869
 -0.001254  -0.001288  -0.000873
    2    2  0.0000  0.0200  0.0000
  0.017344   0.033970  -0.009671
  0.015390  -0.483877  -0.040336
  0.000678   0.000947   0.001565
 -0.001753   0.001177   0.000804
 -0.000684   0.000005  -0.012195
 -0.009997  -0.008493   0.007024
  0.009860  -0.001284  -0.005940
 -0.002165   0.033141  -0.028153
 -0.000026   0.001528   0.000123
 -0.000625  -0.007986   0.010604
  0.000329   0.000129   0.000784
 -0.002273   0.003326  -0.000050
 -0.000196  -0.000177  -0.000714
  0.000171  -0.000497  -0.000130
 -0.000032  -0.000476  -0.000165
 -0.003623   0.005032  -0.000737
  0.000486   0.001071  -0.000198
  0.002720   0.000741  -0.001113
  0.000864  -0.000191  -0.000351
  0.002912   0.004493   0.002610
  0.000067   0.001256  -0.000361
 -0.000708   0.001011  -0.001276
  0.104565   0.191966   0.097484
 -0.134415   0.219678  -0.021248
 -0.000766   0.000422   0.000049
  0.001877   0.003088   0.001592
    2    3  0.0000  0.0000  0.0200
 -0.048104  -0.008977   0.058665
 -0.042335  -0.040640  -0.327072
  0.002166   0.001306  -0.003198
  0.001776   0.000638  -0.003796
  0.005008  -0.005010  -0.003612
  0.000087   0.005730  -0.003398
  0.004881  -0.004929  -0.008842
  0.008336  -0.028654   0.153060
 -0.000295   0.000076   0.001011
  0.004468   0.004211   0.004198
 -0.001257   0.001423   0.000344
 -0.003205   0.003700  -0.000576
 -0.001305  -0.000513   0.001681
 -0.000505  -0.000115  -0.000092
  0.000166  -0.000175   0.000255
  0.002015  -0.002533   0.000806
  0.000243  -0.000786   0.000623
 -0.014577  -0.002122   0.006295
 -0.001147  -0.000455   0.001924
 -0.001663  -0.001663  -0.001445
 -0.001127  -0.001466  -0.000516
  0.002968  -0.000285   0.002619
  0.064557   0.092905   0.085503
  0.015955  -0.016266   0.031799
 -0.000052   0.000768   0.001016
  0.002946   0.003829   0.002746
    3    1  0.0200  0.0000  0.0000
 -0.000599  -0.000442   0.007063
 -0.001056   0.000619   0.002124
 -0.353576   0.070985  -0.001201
 -0.009177  -0.002526  -0.004939
  0.144649   0.023648  -0.056909
  0.029723  -0.004993   0.021295
  0.000607  -0.000256  -0.001881
  0.005812  -0.004720  -0.000938
  0.056636   0.040329   0.024995
 -0.003278  -0.001813   0.000074
  0.003446   0.000457  -0.001614
 -0.006167  -0.000854   0.002165
  0.118579  -0.132151   0.013610
  0.006447   0.011310   0.006308
  0.000825   0.001495  -0.000055
 -0.000983   0.003932  -0.016148
  0.000916  -0.001663   0.005769
  0.001742  -0.001955   0.000209
  0.003622  -0.004823   0.000516
  0.000679   0.000475  -0.000103
  0.001413   0.000997   0.000115
 -0.000879   0.001444  -0.000002
  0.000333   0.000303  -0.000352
  0.000102   0.000126  -0.001217
  0.000254  -0.000041   0.000772
 -0.000067   0.000114   0.000346
    3    2  0.0000  0.0200  0.0000
 -0.000435  -0.000227  -0.010815
  0.000117   0.000953   0.001341
  0.070848  -0.394375   0.013116
  0.002719   0.008235   0.003686
  0.012158   0.034960  -0.006617
 -0.004502   0.033342  -0.032928
 -0.000231  -0.000932  -0.001366
 -0.008764  -0.008054   0.006299
  0.053236   0.106502   0.047371
 -0.001977  -0.001579  -0.000423
  0.012736   0.001465  -0.006317
  0.003586   0.000416  -0.001928
 -0.131948   0.217086  -0.020303
 -0.002462  -0.000832   0.000531
 -0.003439  -0.004586  -0.005206
 -0.000799   0.000325  -0.000471
  0.002595  -0.001947   0.014416
 -0.001981   0.003325  -0.000032
 -0.000391   0.000321  -0.000257
  0.000523   0.000252   0.000140
  0.001099   0.000458  -0.000089
 -0.003345   0.005051  -0.000491
  0.000098  -0.000150  -0.000207
  0.000065   0.000055  -0.000507
  0.000252  -0.000178   0.000802
  0.000244   0.000114   0.000255
    3    3  0.0000  0.0000  0.0200
  0.003835  -0.005717  -0.002860
  0.002158   0.001538  -0.003323
 -0.001275   0.013149  -0.291306
 -0.004023   0.000798  -0.002893
 -0.052234  -0.011401   0.057108
  0.012190  -0.021755   0.152009
 -0.002042  -0.001384  -0.003094
  0.000731   0.004817  -0.003286
  0.028796   0.041584   0.051178
  0.000378  -0.000644   0.001548
  0.008207   0.000631  -0.004632
 -0.014404  -0.002010   0.006009
  0.013507  -0.020208   0.028653
 -0.005102  -0.006799  -0.002761
  0.006592   0.011393   0.006053
  0.002713  -0.000692   0.003463
 -0.000379  -0.002623   0.003191
 -0.002829   0.004179  -0.000397
  0.001712  -0.002673   0.000736
 -0.000051   0.000058  -0.000106
  0.000225  -0.000333  -0.000397
  0.001897  -0.002486   0.000699
 -0.000427  -0.000227   0.000737
 -0.001205  -0.000401   0.001538
  0.000675   0.000924   0.001407
  0.000354   0.000283   0.000726
    4    1  0.0200  0.0000  0.0000
 -0.000444  -0.002057   0.005678
 -0.000841  -0.001799   0.001833
 -0.009188   0.002759  -0.003945
 -0.328770  -0.058756  -0.032560
 -0.003992   0.001561   0.000937
  0.000386   0.001323  -0.001849
  0.029509  -0.004178   0.022250
  0.004125   0.004626   0.001156
  0.066909  -0.054717   0.008951
  0.136539   0.013686  -0.057455
  0.001872  -0.000877  -0.000359
  0.000778  -0.000347  -0.000228
  0.003212   0.004606   0.002497
  0.006983  -0.011601   0.001338
  0.000690  -0.000720  -0.001009
 -0.000024  -0.000341   0.000306
  0.000311  -0.000290   0.000843
  0.001365   0.001463   0.000728
  0.092086   0.104035   0.058708
 -0.004749  -0.001490   0.005237
  0.003722   0.002909  -0.002417
 -0.001196  -0.001908  -0.000763
  0.000101   0.000347  -0.001175
  0.000251   0.000098  -0.000387
  0.001392  -0.001243   0.007700
 -0.001026   0.002910  -0.016015
    4    2  0.0000  0.0200  0.0000
 -0.000572  -0.007361   0.009661
 -0.001188   0.001261   0.000840
 -0.002476   0.008228   0.000866
 -0.058560  -0.383986  -0.051793
  0.001792  -0.001189  -0.000821
  0.001383  -0.002167   0.001676
 -0.001295   0.032907  -0.018641
  0.008394  -0.001221  -0.005358
 -0.066386   0.122586  -0.012841
  0.021923   0.030406  -0.010500
 -0.001062   0.000142   0.000337
 -0.000428   0.000192   0.000003
  0.000049  -0.000271  -0.000170
  0.005320  -0.004364  -0.000638
  0.000489  -0.000559   0.002222
 -0.000433   0.000378  -0.000384
 -0.000566   0.000678  -0.001086
  0.002610   0.004792   0.002264
  0.103844   0.193337   0.093728
  0.001958   0.000432  -0.000234
 -0.014147  -0.001141   0.006148
  0.001533   0.003264   0.001630
  0.000486  -0.000003  -0.000280
  0.000128  -0.000153  -0.000227
 -0.002343   0.003090  -0.013829
 -0.000453   0.000724  -0.002573
    4    3  0.0000  0.0000  0.0200
  0.003144   0.004489   0.003771
  0.001920   0.000748  -0.003815
 -0.004964   0.003581  -0.002741
 -0.032664  -0.051767  -0.320499
  0.001363  -0.000481   0.001682
 -0.002024   0.001510  -0.001899
  0.016411  -0.030767   0.155089
  0.004623  -0.002947  -0.006965
  0.006079  -0.006587   0.027855
 -0.049338  -0.005206   0.053311
 -0.000321   0.000663  -0.000146
 -0.000231   0.000041  -0.000170
  0.001434   0.002279   0.001771
 -0.004046   0.005860  -0.000133
  0.008714  -0.013986   0.002177
  0.000239  -0.000431   0.000452
  0.000732  -0.001106   0.000579
 -0.001567  -0.002412  -0.001306
  0.058848   0.094078   0.080183
 -0.013408  -0.002379   0.005988
  0.003053  -0.000478  -0.000849
  0.002613   0.003799   0.002522
 -0.001078  -0.000397   0.001731
 -0.000368  -0.000270   0.000738
 -0.001741   0.002475  -0.002135
  0.002575  -0.000306   0.002811
    5    1  0.0200  0.0000  0.0000
 -0.003286   0.002455   0.001267
 -0.000905  -0.000808   0.005059
  0.144530   0.012211  -0.052308
 -0.004118   0.001613   0.001454
 -0.338335  -0.059676  -0.039865
 -0.009410   0.001949  -0.006820
  0.001135  -0.000194   0.000309
  0.070880  -0.055831   0.004435
  0.004084   0.006847   0.001520
 -0.010224   0.001931  -0.004326
  0.089976   0.104982   0.052710
  0.033556  -0.003858   0.033156
  0.005156   0.001095  -0.002475
 -0.000838  -0.002009  -0.000452
 -0.000431  -0.001519  -0.000661
  0.000584  -0.001844   0.005595
  0.001125  -0.000287   0.001693
  0.001876  -0.001267  -0.000414
  0.002275  -0.000752  -0.000643
  0.001377   0.000553   0.000660
  0.003084   0.004899   0.002160
  0.007142  -0.011186   0.001962
  0.000402   0.000276  -0.001055
  0.000132   0.000801  -0.002542
  0.000015  -0.000550  -0.000004
  0.000219   0.000170  -0.000417
    5    2  0.0000  0.0200  0.0000
  0.002372  -0.000031   0.000147
  0.001181   0.000003  -0.004958
  0.023541   0.034965  -0.011362
  0.001742  -0.001180  -0.000420
 -0.059645  -0.401859  -0.012576
  0.002076  -0.000507  -0.000147
 -0.000148   0.000783   0.000400
 -0.068032   0.116538  -0.008894
  0.008380  -0.001925  -0.007301
 -0.002375   0.008563  -0.000544
  0.102636   0.202225   0.084539
 -0.001778   0.046965  -0.052447
 -0.014216  -0.002996   0.007315
  0.001834   0.003664   0.001800
 -0.000567   0.000138   0.000255
 -0.000316   0.000501  -0.000702
 -0.000011   0.000461   0.000377
 -0.001160  -0.000050   0.000402
 -0.001110   0.000279   0.000206
 -0.000665  -0.001178  -0.000541
  0.000447  -0.000060   0.000487
  0.005977  -0.004077  -0.000504
  0.000022   0.000145   0.001605
  0.000223  -0.001005   0.002953
 -0.000091  -0.000035  -0.000152
 -0.000318  -0.000328   0.000064
    5    3  0.0000  0.0000  0.0200
  0.001616   0.000681  -0.000076
  0.007769  -0.012173  -0.003653
 -0.056676  -0.006616   0.057143
  0.001044  -0.000821   0.001734
 -0.039850  -0.012305  -0.472590
 -0.012448  -0.002703   0.003897
  0.000212   0.000443   0.001324
  0.009682  -0.014410   0.029001
  0.006240  -0.003838  -0.008156
 -0.005616   0.004907  -0.002802
  0.057228   0.094207   0.084831
  0.028436  -0.062184   0.297050
  0.003601   0.000866  -0.001540
  0.002470   0.003960   0.002018
  0.000038   0.000611   0.001301
  0.000586  -0.000729   0.003854
  0.000540   0.000516  -0.000492
 -0.000701  -0.000052  -0.000022
 -0.000331   0.000677  -0.000477
  0.000408  -0.000080   0.000857
  0.001380   0.002472   0.001538
 -0.005128   0.006751   0.000074
 -0.000410   0.000892   0.000325
  0.000275  -0.000940   0.005701
 -0.000176   0.000031  -0.000457
 -0.000189  -0.000165  -0.000384
    6    1  0.0200  0.0000  0.0000
  0.068160  -0.062058   0.011410
  0.006136  -0.010047  -0.000017
  0.029805  -0.004504   0.012190
  0.000411   0.001382  -0.002030
 -0.009483   0.002072  -0.012451
 -0.407640  -0.057634   0.029023
 -0.010630   0.003026  -0.004547
 -0.001002   0.001836  -0.000474
 -0.000747  -0.001518   0.007086
  0.001052   0.000097   0.000231
  0.000733  -0.000041   0.000899
  0.005954   0.000651  -0.002381
  0.001112  -0.001402   0.009259
  0.000583  -0.000225  -0.000606
  0.001201   0.001375   0.000831
  0.232915   0.029445  -0.107139
  0.076524   0.092201   0.054267
 -0.000171   0.000785  -0.000150
  0.000123  -0.000515   0.001004
 -0.000292  -0.000091   0.000288
 -0.000162  -0.000288  -0.000051
  0.000177  -0.000628   0.000656
 -0.000844   0.000608   0.000676
  0.002191   0.000696  -0.000926
  0.002469   0.004435   0.002629
  0.001427   0.000344   0.000323
    6    2  0.0000  0.0200  0.0000
 -0.060799   0.117064  -0.017600
 -0.004004  -0.008462   0.005752
 -0.004962   0.033354  -0.021733
  0.001499  -0.002146   0.001604
  0.002009  -0.000499  -0.002704
 -0.057638  -0.361415  -0.045309
 -0.002945   0.008894   0.002266
  0.001506  -0.000931   0.002490
 -0.001587  -0.008730   0.010058
  0.000118   0.001047  -0.000310
 -0.000372   0.000579   0.000419
 -0.000515   0.000274   0.000180
 -0.001111   0.002429  -0.013167
  0.000216   0.000816  -0.000561
  0.002424   0.004706   0.002632
  0.036247   0.030619  -0.015022
  0.085252   0.180338   0.097932
  0.000371  -0.000192   0.000280
 -0.000726   0.000844  -0.001099
 -0.000095  -0.000228  -0.000456
 -0.000279   0.000063   0.000060
 -0.000408   0.000612  -0.001230
  0.001025   0.001035  -0.000747
  0.004677   0.000875  -0.002716
  0.000487   0.000125  -0.000112
 -0.000391  -0.001070  -0.000908
    6    3  0.0000  0.0000  0.0200
  0.003273  -0.005849   0.029811
  0.000121   0.007009  -0.003747
  0.021170  -0.032974   0.151944
 -0.001921   0.001677  -0.001976
 -0.006832  -0.000145   0.003902
  0.028808  -0.045138  -0.338163
 -0.005971   0.002742  -0.003552
 -0.000791   0.002280  -0.001814
  0.002731   0.005728   0.004181
  0.000262  -0.000299   0.000853
  0.001586   0.000056  -0.000481
  0.002347   0.000025  -0.001252
 -0.000461   0.000770  -0.003074
 -0.000817  -0.001482  -0.000451
 -0.000831  -0.001823  -0.001406
 -0.100304  -0.010608   0.076195
  0.047437   0.093271   0.081963
  0.009453  -0.013735   0.000823
  0.000798  -0.001232   0.000752
 -0.000018   0.000012   0.000168
  0.000252  -0.000404  -0.000245
  0.000866  -0.001089   0.000536
  0.000076  -0.000324   0.000641
 -0.002931  -0.000746   0.001905
  0.001466   0.002462   0.001900
  0.000229  -0.000184   0.000585
    7    1  0.0200  0.0000  0.0000
  0.056167   0.047065   0.030997
  0.004446   0.009925   0.004918
  0.000650  -0.000231  -0.002102
  0.029534  -0.001294   0.016393
  0.001157  -0.000148   0.000210
 -0.010636  -0.002944  -0.005974
 -0.416690   0.038195   0.046184
 -0.000460  -0.001563  -0.001040
 -0.000804  -0.001248   0.008043
 -0.008917   0.002193  -0.012143
 -0.000270   0.000250   0.000055
 -0.000342  -0.000023   0.000211
  0.000016   0.000027   0.000975
  0.000546   0.000434  -0.000534
  0.001515  -0.001897   0.000262
  0.001396  -0.000139   0.000162
  0.003034  -0.004901   0.000649
  0.000151  -0.000325  -0.000284
  0.001052  -0.002028   0.007230
  0.005567   0.001171  -0.002708
  0.000971  -0.000369   0.000638
  0.000095   0.000371   0.000749
  0.002549   0.000070  -0.001263
 -0.000670  -0.000952   0.000241
  0.100319  -0.121314   0.015193
  0.229623   0.039675  -0.107061
    7    2  0.0000  0.0200  0.0000
  0.049085   0.103508   0.050794
  0.004402  -0.001371  -0.004916
 -0.000370  -0.000956  -0.001339
 -0.004195   0.032929  -0.030583
 -0.000166   0.000733   0.000441
  0.003010   0.008918   0.002707
  0.038496  -0.381482   0.026965
 -0.001230   0.000462  -0.001455
  0.000550  -0.001006  -0.011379
  0.000294  -0.000807  -0.000716
  0.000150  -0.000105   0.000008
  0.000071  -0.000360   0.000118
  0.000280  -0.000043   0.000864
  0.000092  -0.000068   0.000658
 -0.002085   0.003608  -0.000273
  0.000471  -0.001274   0.000143
 -0.000825   0.000592  -0.000125
 -0.003632  -0.005614  -0.003130
  0.001563  -0.003408   0.014038
  0.000007   0.000201   0.000229
 -0.000400   0.000526   0.000154
  0.000075  -0.000308   0.000911
 -0.002838  -0.000607   0.001594
 -0.001109   0.000241   0.000725
 -0.112295   0.211828  -0.028152
  0.030601   0.033864  -0.018278
    7    3  0.0000  0.0000  0.0200
  0.024250   0.037964   0.054613
  0.002820  -0.005943  -0.009102
 -0.001949  -0.001365  -0.003091
  0.022191  -0.018709   0.154878
  0.000233   0.000366   0.001305
 -0.004608   0.002280  -0.003466
  0.046035   0.027189  -0.309176
 -0.001030  -0.001245  -0.003385
  0.003716  -0.007387  -0.003876
 -0.006489  -0.002594   0.003813
  0.000221   0.000389  -0.000136
  0.000019  -0.000247   0.000145
  0.000819   0.000953   0.001582
 -0.001005   0.001454   0.000499
 -0.002105   0.004073  -0.000838
  0.000439  -0.000586   0.000685
  0.001438  -0.002675   0.000706
  0.007127   0.011892   0.005838
 -0.000022  -0.000920   0.002092
  0.002114   0.000885  -0.001333
  0.001642   0.000403  -0.000378
  0.000779   0.000789   0.001453
 -0.004553  -0.000817   0.002830
 -0.000442   0.000170   0.001035
  0.011428  -0.024073   0.027129
 -0.103068  -0.022246   0.076180
    8    1  0.0200  0.0000  0.0000
 -0.008496   0.002177  -0.011345
  0.030427  -0.002163   0.008232
  0.005819  -0.008767   0.000684
  0.004153   0.008393   0.004657
  0.070922  -0.067985   0.009687
 -0.000990   0.001505  -0.000793
 -0.000444  -0.001186  -0.001080
 -0.381377  -0.010905   0.053441
 -0.000433   0.000184   0.000616
  0.051609   0.050028   0.030256
 -0.006785   0.008642  -0.001214
 -0.000927   0.000946  -0.000316
  0.001918   0.000513  -0.000879
 -0.000604  -0.000137  -0.000187
 -0.000016  -0.000082   0.000051
  0.000178  -0.000391   0.000725
  0.000109  -0.000339   0.000270
  0.005736   0.000811  -0.002276
  0.002228  -0.000018  -0.001188
 -0.000490  -0.000355  -0.001723
 -0.004388  -0.010102  -0.004755
  0.230094   0.032867  -0.102264
  0.000745  -0.001951   0.008345
  0.000848  -0.001973   0.010058
  0.000034   0.000202   0.000329
  0.000131   0.000085   0.000668
    8    2  0.0000  0.0200  0.0000
  0.000973  -0.000605  -0.001740
 -0.005313   0.033155  -0.028490
 -0.004655  -0.008000   0.004790
  0.004649  -0.001180  -0.003037
 -0.055778   0.116601  -0.014458
  0.001750  -0.000858   0.002232
 -0.001504   0.000484  -0.001250
 -0.010834  -0.274669   0.013916
  0.000136  -0.003977  -0.001180
  0.040642   0.099145   0.046976
 -0.005793   0.007666  -0.001172
 -0.000289   0.000481  -0.000135
  0.005118   0.001203  -0.002464
 -0.000078   0.001765   0.000385
 -0.000048   0.000922   0.000239
 -0.000283   0.000570  -0.001039
 -0.000309   0.000349  -0.000433
 -0.000278   0.000268   0.000172
 -0.003352  -0.000332   0.001471
 -0.003077  -0.003963  -0.004371
  0.005576   0.006440   0.004490
  0.032485   0.026405  -0.016254
  0.001149  -0.003788   0.012887
 -0.001013   0.002052  -0.012661
  0.000158   0.000083   0.000273
 -0.000032  -0.000219   0.000853
    8    3  0.0000  0.0000  0.0200
 -0.006840  -0.001476   0.003675
  0.022339  -0.028208   0.152892
 -0.001078   0.006299  -0.003319
  0.001092  -0.005351  -0.007137
  0.004391  -0.008876   0.029007
 -0.000472   0.002494  -0.001811
 -0.001042  -0.001501  -0.003470
  0.053229   0.013965  -0.302616
  0.000165  -0.001278   0.001140
  0.021192   0.040817   0.049291
 -0.004312   0.005168  -0.001198
  0.009596  -0.013564   0.000611
 -0.002640  -0.000561   0.001697
 -0.000340   0.000443  -0.000005
  0.000047   0.000234  -0.000043
  0.000808  -0.001000   0.000404
  0.000283  -0.000420   0.000458
  0.002875   0.000527  -0.001129
 -0.004385  -0.000637   0.002612
  0.006637   0.010963   0.005818
 -0.000598  -0.002452  -0.000727
 -0.102391  -0.016451   0.071545
  0.000434  -0.000848   0.002842
 -0.000096   0.000609  -0.002616
  0.000355   0.000299   0.000768
  0.000751   0.000805   0.001310
    9    1  0.0200  0.0000  0.0000
  0.001116   0.000451  -0.000758
  0.000646   0.000021  -0.000270
  0.056615   0.053231   0.028795
  0.066777  -0.066432   0.006200
  0.004090   0.008308   0.006152
 -0.000659  -0.001669   0.002807
 -0.000706   0.000521   0.003763
 -0.000444   0.000150   0.000241
 -0.396769  -0.008920   0.024392
  0.005643  -0.009028   0.001647
  0.002625   0.000170  -0.001527
 -0.000795  -0.000562  -0.000030
 -0.006091  -0.009192  -0.005618
  0.239392   0.029169  -0.093416
  0.035106  -0.007154   0.035675
  0.000427   0.000239  -0.000893
 -0.000233   0.000098  -0.001596
 -0.000602  -0.000096  -0.000231
 -0.006450   0.009262  -0.001420
 -0.000813   0.000269   0.000166
  0.002269   0.000604  -0.001182
 -0.000609  -0.000130  -0.000093
 -0.000288   0.000004   0.000001
 -0.000237  -0.000046   0.000029
 -0.000417   0.000588  -0.001807
  0.000408   0.000144  -0.001027
    9    2  0.0000  0.0200  0.0000
  0.000498  -0.004169  -0.000939
  0.000018   0.001508   0.000101
  0.040309   0.106481   0.041618
 -0.054793   0.122591  -0.006621
  0.006816  -0.001773  -0.003905
 -0.001602  -0.008578   0.005769
 -0.001135  -0.000978  -0.007486
  0.000174  -0.003981  -0.001222
 -0.008890  -0.284685   0.033289
 -0.005243  -0.008319   0.004025
 -0.003392  -0.000140   0.001303
 -0.001350   0.000350   0.000488
  0.005671   0.007809   0.004724
  0.031414   0.026560  -0.015077
 -0.009332   0.032870  -0.051666
  0.000008   0.000994  -0.001245
 -0.001274   0.001090  -0.005153
 -0.000178   0.002186   0.000457
 -0.005369   0.006802  -0.001322
  0.001291   0.001004  -0.000736
  0.005188   0.000668  -0.001805
 -0.000071   0.001976   0.000512
  0.000299   0.000035   0.000284
 -0.000383   0.000088  -0.000115
  0.001071  -0.000612   0.003239
  0.000256   0.000223   0.001484
    9    3  0.0000  0.0000  0.0200
 -0.000856  -0.001073  -0.000211
 -0.000339   0.000129   0.001072
  0.024923   0.047336   0.051127
  0.008859  -0.012825   0.027939
  0.001508  -0.007301  -0.008159
  0.007085   0.010058   0.004172
  0.008044  -0.011422  -0.003973
  0.000618  -0.001224   0.001130
  0.023988   0.033415  -0.426116
 -0.002183   0.007083  -0.003218
 -0.004495  -0.000465   0.002189
 -0.000303   0.000345   0.001092
 -0.001844  -0.002864  -0.001309
 -0.103429  -0.015494   0.073860
  0.046262  -0.051252   0.271417
 -0.000752  -0.000246  -0.000679
  0.000299  -0.000839   0.003449
  0.000071   0.000571  -0.000076
 -0.004818   0.006447  -0.000735
  0.000153  -0.000393   0.000918
 -0.002707  -0.000272   0.001432
 -0.000409   0.000468  -0.000225
  0.000158   0.000071  -0.000299
 -0.000014   0.000120  -0.000389
  0.000882  -0.000933   0.005325
 -0.000703   0.000561   0.000266
   10    1  0.0200  0.0000  0.0000
 -0.002525  -0.002862   0.000063
 -0.000563  -0.000705   0.004513
 -0.003289  -0.001831   0.000277
  0.136499   0.021936  -0.049433
 -0.010126  -0.002361  -0.005593
  0.000996   0.000054   0.000296
 -0.008886   0.000312  -0.006455
  0.051604   0.040688   0.021179
  0.005775  -0.005274  -0.002045
 -0.323910   0.073518  -0.010123
  0.003863  -0.004741   0.000362
  0.001141  -0.000176   0.000326
  0.001639   0.001172  -0.000023
 -0.000912   0.001340   0.000305
 -0.000552   0.001394   0.000223
  0.000220   0.000047  -0.000366
 -0.000024   0.000492   0.000210
  0.001500   0.001334   0.000254
  0.002667   0.000045  -0.001512
  0.027653  -0.008544   0.029352
  0.109229  -0.124857   0.007752
  0.005814   0.009727   0.006143
  0.000180   0.000311  -0.001991
  0.000463   0.000032  -0.000881
  0.001109  -0.000381   0.001467
  0.000436  -0.000672   0.005700
   10    2  0.0000  0.0200  0.0000
 -0.002902  -0.000350  -0.000035
 -0.003070  -0.008006   0.004068
 -0.001918  -0.001507  -0.000657
  0.013719   0.030372  -0.005246
  0.002021   0.008610   0.004824
  0.000081   0.001022  -0.000306
  0.002243  -0.000743  -0.002724
  0.050120   0.099092   0.040903
 -0.009022  -0.008361   0.007147
  0.073739  -0.367851   0.032533
 -0.000567   0.000387  -0.000497
  0.000659  -0.001205  -0.000364
  0.001191   0.000596   0.000037
 -0.003282   0.005243  -0.000217
  0.000406   0.000782  -0.000568
  0.000388  -0.000280  -0.000130
  0.000129  -0.000040   0.000246
  0.001372   0.000407  -0.000298
  0.010717   0.001195  -0.006016
 -0.008490   0.036499  -0.054785
 -0.124746   0.201411  -0.011963
 -0.002208  -0.000421   0.000285
 -0.000418   0.001072  -0.005405
  0.000022   0.001083  -0.001151
 -0.000164   0.000591   0.000377
 -0.000019   0.000403  -0.000058
   10    3  0.0000  0.0000  0.0200
  0.000261  -0.000374  -0.000387
  0.004942   0.010690   0.004176
  0.000079  -0.000426   0.001531
 -0.057187  -0.010504   0.053297
 -0.004272  -0.000550  -0.002804
  0.000230  -0.000314   0.000847
 -0.012144  -0.000784   0.003757
  0.030254   0.046835   0.049279
  0.001656   0.003926  -0.003216
 -0.010268   0.032623  -0.412512
  0.001622  -0.002401   0.000253
  0.000589  -0.000444   0.000699
  0.000211  -0.000212  -0.000581
  0.001683  -0.002090   0.000184
  0.000274  -0.000692   0.000874
  0.000007   0.000099  -0.000332
 -0.000086   0.000044  -0.000306
  0.000010   0.000008  -0.000294
  0.008813   0.000875  -0.004541
  0.023575  -0.045610   0.277089
  0.013959  -0.020977   0.030408
 -0.005359  -0.007356  -0.002930
  0.000184  -0.001197   0.003322
 -0.000278  -0.000523  -0.000870
  0.000538   0.000021  -0.000660
  0.000706  -0.000665   0.003716
   11    1  0.0200  0.0000  0.0000
  0.000765  -0.000420  -0.000261
  0.000213   0.000376  -0.001188
  0.003488   0.012728   0.008187
  0.001922  -0.001070  -0.000400
  0.089916   0.102486   0.057236
  0.000734  -0.000380   0.001590
 -0.000262   0.000132   0.000225
 -0.006796  -0.005841  -0.004310
  0.002646  -0.003402  -0.004493
  0.003953  -0.000520   0.001628
 -0.092055  -0.107715  -0.059642
  0.000170   0.001792   0.001064
 -0.000484  -0.000560  -0.000059
  0.000854   0.002528   0.001093
 -0.000155   0.000407   0.000360
 -0.000214   0.000059  -0.000529
 -0.000337  -0.000021  -0.000600
 -0.000429   0.000201   0.000074
 -0.001049   0.000558   0.000225
 -0.000499  -0.000142  -0.000157
 -0.001448  -0.001689  -0.000645
 -0.000465   0.000540   0.000047
 -0.000143  -0.000069   0.000279
 -0.000141  -0.000055   0.000336
 -0.000079   0.000142  -0.000159
 -0.000104  -0.000069   0.000098
   11    2  0.0000  0.0200  0.0000
 -0.000427   0.000206   0.000010
  0.000152   0.000180   0.001498
  0.000473   0.001481   0.000666
 -0.000967   0.000197   0.000659
  0.104778   0.202088   0.094321
 -0.000025   0.000545   0.000054
  0.000242  -0.000065   0.000385
  0.008653   0.007714   0.005187
  0.000124  -0.000065  -0.000503
 -0.004754   0.000439  -0.002394
 -0.107978  -0.206966  -0.097272
 -0.002826  -0.005669  -0.002136
  0.000512  -0.000296  -0.000209
  0.000070  -0.000261   0.000157
  0.000073  -0.000088   0.000110
  0.000024  -0.000221  -0.000001
 -0.000040  -0.000218  -0.000178
  0.000186  -0.000108  -0.000066
  0.000558  -0.000042  -0.000293
  0.000393   0.000098   0.000280
  0.001337   0.001590   0.000900
 -0.000413  -0.000340   0.000037
 -0.000071  -0.000070  -0.000494
 -0.000083  -0.000128  -0.000436
  0.000006  -0.000058  -0.000083
  0.000005   0.000059  -0.000198
   11    3  0.0000  0.0000  0.0200
 -0.000257   0.000056  -0.000080
 -0.000551   0.000883   0.000447
 -0.001620  -0.006207  -0.004612
 -0.000380   0.000369  -0.000165
  0.052535   0.084456   0.084781
  0.000939   0.000383  -0.000542
  0.000067   0.000027  -0.000160
 -0.001145  -0.001145  -0.001192
 -0.001513   0.001297   0.002157
  0.000392  -0.000470   0.000184
 -0.060048  -0.097714  -0.087798
  0.011634   0.019394   0.009436
  0.000209   0.000349  -0.000099
 -0.000753  -0.001045  -0.000641
 -0.000101  -0.000234  -0.000466
 -0.000083   0.000055  -0.000211
  0.000002  -0.000009   0.000047
  0.000135  -0.000031   0.000069
  0.000172  -0.000231   0.000024
 -0.000074  -0.000092  -0.000321
  0.000074  -0.000176  -0.000292
  0.000123   0.000110  -0.000138
  0.000110   0.000097  -0.000076
  0.000126  -0.000088  -0.000451
  0.000028  -0.000042   0.000065
 -0.000020   0.000008   0.000034
   12    1  0.0200  0.0000  0.0000
  0.001653  -0.000976  -0.000434
  0.001939  -0.002260  -0.003196
 -0.006048   0.003682  -0.014459
  0.000779  -0.000421  -0.000232
  0.033687  -0.001731   0.028512
  0.005939  -0.000469   0.002428
 -0.000324   0.000072   0.000039
 -0.000959  -0.000347   0.009695
 -0.000815  -0.001376  -0.000401
  0.001111   0.000663   0.000612
 -0.000025  -0.002836   0.011408
 -0.032961   0.004734  -0.033722
 -0.000200  -0.000382   0.000618
  0.000065   0.000249   0.000167
  0.000101   0.000360   0.000277
 -0.000524   0.001004  -0.002966
 -0.000516   0.000030  -0.000566
 -0.000967   0.000528   0.000224
 -0.000424   0.000206   0.000107
 -0.000339  -0.000255  -0.000244
 -0.000344  -0.000418  -0.000219
 -0.000281   0.000377  -0.000243
 -0.000241   0.000149   0.000327
 -0.000226  -0.000650   0.002237
  0.000018   0.000149   0.000009
 -0.000098  -0.000083   0.000022
   12    2  0.0000  0.0200  0.0000
 -0.001084  -0.000078   0.000127
 -0.002565   0.003317   0.003762
 -0.000850   0.000312  -0.002055
 -0.000354   0.000176   0.000113
 -0.004044   0.046592  -0.062052
  0.000744   0.000116   0.000125
 -0.000018  -0.000334  -0.000218
  0.000929   0.000399  -0.013587
 -0.000527   0.000284   0.000336
 -0.000259  -0.001258  -0.000450
  0.002341  -0.004910   0.019884
  0.004413  -0.043728   0.057140
  0.000411  -0.000188  -0.000083
 -0.000035  -0.000301  -0.000081
  0.000052  -0.000085   0.000021
  0.000062  -0.000315  -0.000254
 -0.000070  -0.000182  -0.000255
  0.000546   0.000003  -0.000161
  0.000200  -0.000064  -0.000026
  0.000206   0.000203   0.000272
  0.000013   0.000040   0.000110
 -0.000189  -0.000307   0.000415
  0.000085  -0.000236  -0.000596
 -0.000124   0.000402  -0.002572
  0.000044   0.000005   0.000043
  0.000070   0.000136   0.000044
   12    3  0.0000  0.0000  0.0200
 -0.000339   0.000427   0.000024
 -0.000107  -0.000054  -0.000534
  0.002164  -0.001922   0.006025
 -0.000244   0.000011  -0.000103
  0.033213  -0.052592   0.297046
 -0.002372   0.000183  -0.001248
  0.000218   0.000181   0.000194
 -0.000309  -0.000115   0.000603
 -0.000040   0.000463   0.001105
  0.000338  -0.000379   0.000713
  0.001062  -0.002162   0.008552
 -0.033902   0.057289  -0.310728
 -0.000337   0.000211  -0.000258
 -0.000207  -0.000227  -0.000357
 -0.000161  -0.000187  -0.000534
  0.000314  -0.000351   0.000886
  0.000130  -0.000029   0.000013
  0.000199  -0.000210   0.000001
  0.000076  -0.000068  -0.000061
 -0.000076  -0.000052  -0.000398
 -0.000052  -0.000129  -0.000290
  0.000420  -0.000252  -0.000225
  0.000033   0.000016  -0.000120
  0.000029   0.000089  -0.000150
 -0.000035  -0.000108  -0.000076
 -0.000016  -0.000033  -0.000081
   13    1  0.0200  0.0000  0.0000
  0.000025   0.000636   0.000426
  0.000246  -0.000167  -0.001332
  0.118319  -0.131787   0.013689
  0.003329   0.000047   0.001488
  0.005201  -0.014220   0.003600
  0.001109  -0.001111  -0.000456
  0.000017   0.000327   0.000877
  0.001902   0.005095  -0.002633
 -0.006061   0.005656  -0.001841
  0.001654   0.001255   0.000217
 -0.000494   0.000490   0.000267
 -0.000362   0.000370  -0.000318
 -0.121213   0.136785  -0.014488
 -0.000510  -0.000549  -0.000318
 -0.000249  -0.000257  -0.000053
 -0.000322  -0.000036   0.000596
 -0.000149   0.000095  -0.000094
 -0.000385  -0.000346  -0.000054
 -0.001591   0.001540  -0.000121
 -0.000386  -0.000269  -0.000046
 -0.000790  -0.000599  -0.000050
  0.001191  -0.002627   0.000320
 -0.000119  -0.000022   0.000221
 -0.000078  -0.000152   0.000628
 -0.000156  -0.000032  -0.000412
 -0.000127  -0.000124  -0.000111
   13    2  0.0000  0.0200  0.0000
  0.000637  -0.000618  -0.000975
  0.000254  -0.000076  -0.000476
 -0.132102   0.217531  -0.020480
  0.004727  -0.000238   0.002357
  0.001139  -0.003036   0.000792
 -0.001440   0.002411   0.000862
 -0.000104   0.000008   0.000924
  0.000442   0.001127  -0.000532
 -0.009331   0.007817  -0.002947
  0.001112   0.000647  -0.000273
 -0.000514  -0.000147   0.000303
 -0.000265  -0.000157   0.000098
  0.137413  -0.224887   0.021238
  0.000449  -0.000273  -0.000229
  0.000217  -0.000182   0.000490
  0.000164  -0.000139  -0.000125
 -0.000115  -0.000215  -0.000584
 -0.000446   0.000064   0.000237
 -0.001724   0.001771  -0.000351
 -0.000273  -0.000110   0.000009
 -0.000566  -0.000320   0.000081
  0.000637  -0.000916  -0.000148
 -0.000082   0.000025   0.000070
 -0.000081  -0.000086   0.000246
 -0.000054  -0.000012  -0.000431
 -0.000094   0.000010  -0.000156
   13    3  0.0000  0.0000  0.0200
 -0.002377   0.003492   0.005214
 -0.001216  -0.000691   0.001681
  0.013470  -0.020116   0.028697
  0.002642  -0.000160   0.001782
 -0.002509   0.007355  -0.001648
  0.009284  -0.013249  -0.003135
  0.000926   0.000878   0.001521
 -0.000920  -0.002545   0.001615
 -0.005661   0.004760  -0.001393
 -0.000018   0.000024  -0.000608
 -0.000106  -0.000202  -0.000076
  0.000642  -0.000078  -0.000135
 -0.014308   0.020699  -0.028830
  0.000339   0.000048  -0.000192
 -0.000200  -0.000446  -0.000194
 -0.000519   0.000170  -0.000410
  0.000055   0.000513  -0.000313
  0.002093  -0.003065   0.000033
 -0.000867   0.001497  -0.000697
  0.000001  -0.000001  -0.000039
 -0.000102   0.000143   0.000174
 -0.001005   0.001284  -0.000684
  0.000236   0.000123  -0.000364
  0.000649   0.000215  -0.000860
 -0.000350  -0.000490  -0.000776
 -0.000179  -0.000158  -0.000363
   14    1  0.0200  0.0000  0.0000
 -0.000055  -0.000116   0.000227
  0.000118   0.000121  -0.000516
  0.006471  -0.002642  -0.005211
  0.007049   0.005486  -0.004133
 -0.000959   0.001936   0.002509
  0.000519   0.000302  -0.000808
  0.000495  -0.000004  -0.001025
 -0.000506  -0.000080  -0.000455
  0.239108   0.031506  -0.103714
 -0.000903  -0.003326   0.001704
  0.000925  -0.000022  -0.000732
  0.000087  -0.000127  -0.000028
 -0.000428   0.000350   0.000126
 -0.250334  -0.032069   0.106120
 -0.001994  -0.001024   0.004349
 -0.000252  -0.000130   0.000503
 -0.000184  -0.000055   0.000298
  0.000040   0.000000   0.000021
 -0.000301  -0.000394   0.000156
  0.000142   0.000171  -0.000120
  0.001215   0.000374  -0.000667
  0.000190   0.000023   0.000203
 -0.000016  -0.000159   0.000163
 -0.000038   0.000046   0.000190
 -0.000218  -0.000037   0.000325
 -0.000171  -0.000131   0.000515
   14    2  0.0000  0.0200  0.0000
 -0.000111   0.000874   0.000304
  0.000063  -0.000524  -0.000072
  0.011365  -0.000933  -0.006829
 -0.011649  -0.004373   0.005834
 -0.002045   0.003654   0.004084
 -0.000222   0.000837  -0.001497
  0.000352  -0.000156   0.001449
 -0.000095   0.001738   0.000377
  0.028972   0.026704  -0.015492
  0.001283   0.005079  -0.002138
  0.002738  -0.000108  -0.001064
  0.000285  -0.000331  -0.000289
 -0.000613  -0.000163   0.000039
 -0.032498  -0.029612   0.016326
  0.004402   0.000474  -0.002117
  0.000019  -0.000287   0.000516
  0.000032  -0.000260   0.000545
  0.000040  -0.000485  -0.000178
  0.000679  -0.000045   0.000042
 -0.000298  -0.000495   0.000366
 -0.002707  -0.000573   0.000867
  0.000025  -0.000982  -0.000182
 -0.000081  -0.000046  -0.000131
  0.000020   0.000029   0.000117
 -0.000054   0.000030  -0.000391
  0.000098  -0.000047  -0.000488
   14    3  0.0000  0.0000  0.0200
  0.000018   0.000211  -0.000102
 -0.000044  -0.000115  -0.000068
  0.006245   0.000478  -0.002712
  0.001222  -0.000641  -0.000152
 -0.000404   0.001727   0.001899
 -0.000564  -0.000629  -0.000508
 -0.000548   0.000697   0.000503
 -0.000208   0.000358  -0.000026
 -0.092943  -0.015047   0.073775
  0.000417  -0.000182   0.000047
  0.001238   0.000363  -0.000599
  0.000190  -0.000030  -0.000457
 -0.000439  -0.000010  -0.000206
  0.106038   0.015982  -0.079478
 -0.020452  -0.002978   0.009501
  0.000015  -0.000015   0.000046
  0.000012   0.000118  -0.000155
  0.000025  -0.000121   0.000025
 -0.000068   0.000172  -0.000142
  0.000099   0.000005  -0.000264
 -0.000032  -0.000150  -0.000243
  0.000088  -0.000208  -0.000058
  0.000037   0.000029  -0.000010
  0.000033   0.000001   0.000020
 -0.000010  -0.000006  -0.000437
  0.000034  -0.000010  -0.000199
   15    1  0.0200  0.0000  0.0000
 -0.000517  -0.000121  -0.000023
 -0.000266  -0.000024   0.000185
  0.000720  -0.003559   0.006595
  0.000625   0.000604   0.008727
 -0.000485  -0.000517   0.000027
  0.001135   0.002520  -0.000954
  0.001462  -0.002107  -0.002249
 -0.000044  -0.000042  -0.000046
  0.035082  -0.009306   0.046009
 -0.000657   0.000373   0.000235
 -0.000072   0.000138  -0.000028
  0.000119   0.000066  -0.000139
 -0.000214   0.000269  -0.000203
 -0.001636   0.004317  -0.020644
 -0.035133   0.008130  -0.040299
 -0.000264  -0.000165   0.000342
 -0.000022  -0.000174   0.001216
  0.000222   0.000053   0.000074
 -0.000184  -0.000117  -0.000323
  0.000150   0.000033  -0.000188
 -0.000074  -0.000068  -0.000077
  0.000090   0.000033  -0.000013
  0.000091  -0.000027  -0.000051
  0.000066   0.000064  -0.000032
  0.000080  -0.000377   0.001425
 -0.000275   0.000002   0.000433
   15    2  0.0000  0.0200  0.0000
 -0.000050   0.001911   0.000421
  0.000079  -0.000473  -0.000178
  0.001488  -0.004625   0.011371
 -0.000776  -0.000621  -0.014026
 -0.001466   0.000086   0.000606
  0.001420   0.004573  -0.001873
 -0.002003   0.003571   0.004150
 -0.000082   0.000898   0.000202
 -0.007122   0.032950  -0.051062
  0.001430   0.000787  -0.000734
  0.000468  -0.000004  -0.000228
  0.000381  -0.000090  -0.000252
 -0.000418   0.000007  -0.000470
 -0.000741   0.000437  -0.003066
  0.008087  -0.036033   0.054591
 -0.000152  -0.000441   0.000371
  0.000743  -0.000712   0.002537
  0.000025  -0.001107  -0.000246
  0.000248  -0.000034   0.000564
 -0.000452  -0.000273   0.000344
 -0.000513  -0.000217   0.000291
  0.000037  -0.000478  -0.000094
 -0.000141  -0.000033   0.000027
  0.000099  -0.000019   0.000013
 -0.000743   0.000205  -0.002797
  0.000155  -0.000265  -0.000464
   15    3  0.0000  0.0000  0.0200
 -0.000395   0.000347   0.000090
 -0.000241  -0.000211   0.000293
 -0.000068  -0.005370   0.006106
 -0.001028   0.002288   0.002298
 -0.000684   0.000372   0.001310
  0.000869   0.002694  -0.001533
  0.000283  -0.000395  -0.000899
  0.000093   0.000219  -0.000098
  0.035600  -0.051694   0.271262
  0.000116  -0.000646   0.000769
  0.000411   0.000071  -0.000455
  0.000344   0.000038  -0.000385
 -0.000029   0.000478  -0.000284
  0.004258  -0.001794   0.008971
 -0.040776   0.054439  -0.287397
  0.000021  -0.000166   0.000012
  0.000241  -0.000503   0.001153
  0.000222  -0.000215  -0.000079
  0.000224  -0.000272  -0.000196
  0.000174   0.000060  -0.000375
  0.000176   0.000047  -0.000300
  0.000041  -0.000098  -0.000024
  0.000074  -0.000055  -0.000103
  0.000102   0.000102  -0.000077
 -0.000148   0.000233   0.000084
  0.000121   0.000032  -0.000144
   16    1  0.0200  0.0000  0.0000
  0.006879   0.005074  -0.005743
 -0.001010  -0.003688   0.002111
 -0.000914  -0.000826   0.002755
 -0.000060  -0.000447   0.000258
  0.000461  -0.000179   0.000533
  0.232742   0.036473  -0.100326
  0.001399   0.000417   0.000460
  0.000279  -0.000243   0.000732
  0.000376   0.000054  -0.000756
  0.000197   0.000308  -0.000074
 -0.000196  -0.000073  -0.000082
 -0.000554   0.000024   0.000436
 -0.000203   0.000111  -0.000424
 -0.000506  -0.000152   0.000292
 -0.000265  -0.000022  -0.000468
 -0.246604  -0.036157   0.108043
  0.008370  -0.000659  -0.005979
 -0.000334  -0.000210   0.000282
 -0.000009   0.000196  -0.000096
 -0.000056  -0.000158  -0.000017
 -0.000098   0.000014  -0.000031
 -0.000177   0.000141  -0.000354
 -0.000030   0.000113  -0.000235
  0.001324   0.000562  -0.001049
 -0.000486  -0.000298  -0.000127
 -0.000526  -0.000376  -0.000137
   16    2  0.0000  0.0200  0.0000
 -0.010984  -0.003628   0.007065
  0.000764   0.004901  -0.002483
  0.003994   0.000262  -0.000721
 -0.000313   0.000354  -0.000429
 -0.001898   0.000396  -0.000770
  0.029397   0.030574  -0.010645
 -0.000140  -0.001265  -0.000526
 -0.000353   0.000534  -0.000985
  0.000237   0.001020  -0.000267
  0.000049  -0.000310   0.000082
  0.000079  -0.000212   0.000061
  0.001058  -0.000306  -0.000373
 -0.000109  -0.000123   0.000167
 -0.000088  -0.000301  -0.000033
 -0.000161  -0.000455  -0.000110
 -0.036574  -0.032967   0.015320
  0.016371   0.002927  -0.007530
  0.000493  -0.000276  -0.000463
  0.000188  -0.000146   0.000276
  0.000037   0.000078   0.000149
  0.000011  -0.000034  -0.000005
  0.000190  -0.000367   0.000495
 -0.000338  -0.000520   0.000221
 -0.002321  -0.000448   0.001316
  0.000089   0.000096   0.000039
  0.000321   0.000213   0.000150
   16    3  0.0000  0.0000  0.0200
  0.002060  -0.000512  -0.000495
 -0.000223  -0.000625   0.000673
 -0.016167  -0.000456   0.003321
  0.000420  -0.000319   0.000417
  0.005765  -0.000733   0.003856
 -0.106737  -0.015122   0.076037
  0.000118   0.000157   0.000513
  0.000609  -0.001099   0.000347
 -0.000871  -0.001349  -0.000678
 -0.000351  -0.000090  -0.000306
 -0.000597   0.000029  -0.000187
 -0.002955  -0.000217   0.001085
  0.000617  -0.000132  -0.000389
  0.000413   0.000522   0.000060
  0.000297   0.000337   0.000030
  0.107888   0.015168  -0.078972
  0.009935   0.003083  -0.003515
 -0.000202   0.000351  -0.000112
 -0.000163   0.000238  -0.000222
  0.000036   0.000064  -0.000070
  0.000071   0.000164   0.000102
 -0.000330   0.000523  -0.000281
 -0.000052   0.000092  -0.000136
  0.000464  -0.000008  -0.000685
 -0.000036  -0.000096  -0.000237
 -0.000009   0.000031  -0.000156
   17    1  0.0200  0.0000  0.0000
 -0.004247  -0.006016  -0.004545
 -0.000742   0.000661   0.000202
  0.000882   0.002679  -0.000330
  0.000278  -0.000482   0.000647
  0.001201  -0.000068   0.000601
  0.076527   0.085020   0.047337
  0.002921  -0.000783   0.001330
  0.000053  -0.000276   0.000274
 -0.000341  -0.001335   0.000360
 -0.000074   0.000174  -0.000042
 -0.000317   0.000025   0.000047
 -0.000622  -0.000076   0.000166
 -0.000102  -0.000171   0.000092
 -0.000238   0.000053  -0.000007
 -0.000017   0.000726   0.000256
  0.009052   0.016243   0.009639
 -0.082506  -0.095540  -0.054971
 -0.000188   0.000360   0.000403
 -0.000241   0.000251  -0.000369
  0.000004  -0.000006  -0.000095
 -0.000056  -0.000014   0.000016
 -0.000032   0.000146  -0.000175
  0.000117   0.000091  -0.000059
 -0.000015  -0.000101   0.000051
 -0.000748  -0.001376  -0.000745
 -0.000549  -0.000186  -0.000084
   17    2  0.0000  0.0200  0.0000
  0.009021   0.006861   0.008166
  0.001442   0.001144  -0.000814
 -0.001610  -0.001894  -0.002627
 -0.000308   0.000720  -0.001203
 -0.000254   0.000389   0.000553
  0.092355   0.180322   0.093340
 -0.004997   0.000624  -0.002681
 -0.000350   0.000364  -0.000425
  0.000043   0.001098  -0.000810
  0.000455  -0.000026   0.000070
  0.000008  -0.000206  -0.000034
  0.000040  -0.000204  -0.000069
  0.000058  -0.000253   0.000431
 -0.000012  -0.000247   0.000021
 -0.000196  -0.000861  -0.000506
 -0.000387   0.002656   0.002871
 -0.095543  -0.190200  -0.098899
 -0.000251  -0.000387  -0.000396
  0.000192  -0.000394   0.000617
 -0.000171  -0.000041   0.000143
 -0.000036  -0.000106  -0.000004
  0.000078  -0.000228   0.000217
 -0.000544  -0.000350   0.000207
 -0.000601  -0.000384   0.000201
  0.001216   0.001613   0.001418
  0.000350  -0.000009   0.000215
   17    3  0.0000  0.0000  0.0200
 -0.000325  -0.001912  -0.000411
 -0.000211  -0.000200   0.000729
  0.005860   0.014410   0.003260
  0.000878  -0.001097   0.000577
  0.001692   0.000375  -0.000486
  0.054270   0.097814   0.081971
  0.000654  -0.000130   0.000754
  0.000278  -0.000430   0.000456
 -0.001551  -0.005109   0.003456
  0.000247   0.000264  -0.000303
 -0.000601  -0.000205   0.000027
 -0.000488  -0.000209   0.000001
 -0.000096  -0.000556  -0.000441
  0.000266   0.000456  -0.000216
  0.001095   0.002338   0.001012
 -0.005990  -0.007712  -0.003662
 -0.054766  -0.098640  -0.084405
 -0.000208   0.000231  -0.000288
 -0.000422   0.000563  -0.000346
 -0.000066  -0.000046  -0.000056
 -0.000230   0.000053   0.000080
 -0.000230   0.000163  -0.000198
 -0.000038  -0.000046  -0.000243
  0.000139   0.000024  -0.000325
 -0.000191  -0.000448  -0.000707
  0.000033   0.000048  -0.000236
   18    1  0.0200  0.0000  0.0000
  0.030884  -0.006454   0.031002
 -0.006365   0.002822  -0.014741
  0.001755  -0.002022  -0.002891
  0.001370   0.002741  -0.001587
  0.001847  -0.001151  -0.000640
 -0.000213   0.000306   0.009487
  0.000031  -0.003616   0.007153
  0.005667  -0.000280   0.002845
 -0.000672  -0.000248   0.000059
  0.001435   0.001373   0.000066
 -0.000398   0.000198   0.000136
 -0.000996   0.000547   0.000224
 -0.000241  -0.000557   0.002147
  0.000029   0.000062   0.000038
  0.000267   0.000058   0.000263
 -0.000237   0.000591  -0.000200
 -0.000273  -0.000458  -0.000382
 -0.030895   0.006794  -0.032268
 -0.000358  -0.000342   0.001808
 -0.000764  -0.000593  -0.000123
 -0.000341  -0.000262   0.000012
 -0.000640   0.000752  -0.003319
 -0.000243   0.000217   0.000693
 -0.000213  -0.000482   0.000545
 -0.000151   0.000392   0.000019
 -0.000283  -0.000388  -0.000345
   18    2  0.0000  0.0200  0.0000
 -0.006531   0.038230  -0.056424
 -0.000911   0.000668  -0.002236
 -0.002025   0.003340   0.004221
  0.001497   0.004729  -0.002380
 -0.001274  -0.000058  -0.000080
  0.000773  -0.000283  -0.013816
 -0.000350  -0.005597   0.011992
  0.000869   0.000215   0.000531
 -0.000093   0.002177   0.000514
  0.001315   0.000396  -0.000042
  0.000194  -0.000083  -0.000069
  0.000555   0.000031  -0.000180
 -0.000408   0.000135  -0.003048
  0.000024  -0.000450  -0.000117
  0.000046  -0.001056  -0.000226
 -0.000288  -0.000264   0.000312
  0.000400  -0.000254   0.000293
  0.006553  -0.039507   0.058863
  0.000539  -0.000905   0.002973
 -0.000586  -0.000277   0.000170
 -0.000238  -0.000145  -0.000031
 -0.000051  -0.000433  -0.000579
 -0.000223  -0.000017   0.000310
  0.000491  -0.000068  -0.000162
 -0.000428  -0.000247  -0.000352
  0.000149  -0.000278  -0.000435
   18    3  0.0000  0.0000  0.0200
  0.031323  -0.056621   0.295583
  0.002727  -0.001176   0.006335
  0.000072  -0.000105  -0.000342
  0.000709   0.002334  -0.001294
 -0.000407   0.000394   0.000047
 -0.000181   0.000306   0.000822
 -0.000297  -0.003168   0.005931
 -0.002343   0.000154  -0.001158
 -0.000231   0.000462   0.000007
  0.000190  -0.000317  -0.000227
  0.000085  -0.000084   0.000040
  0.000207  -0.000168   0.000002
 -0.000150   0.000201  -0.000257
  0.000071  -0.000102   0.000042
  0.000073  -0.000231   0.000005
  0.000340  -0.000272  -0.000229
  0.000147  -0.000396  -0.000200
 -0.032288   0.058622  -0.306163
  0.000117  -0.000479   0.000942
 -0.000058   0.000081   0.000171
 -0.000024   0.000043   0.000083
  0.000382  -0.000307   0.000875
 -0.000452  -0.000147  -0.000275
 -0.000349   0.000233  -0.000282
 -0.000094   0.000427  -0.000171
  0.000432   0.000317  -0.000285
   19    1  0.0200  0.0000  0.0000
  0.000030  -0.000835   0.000156
  0.000227   0.000925  -0.001120
  0.003611  -0.000390   0.001667
  0.092076   0.103901   0.058657
  0.002128  -0.001011  -0.000226
  0.000137  -0.000623   0.000809
  0.001044   0.001568  -0.000045
  0.002189  -0.003370  -0.004511
 -0.006466  -0.005372  -0.004805
  0.002594   0.010774   0.008943
 -0.001040   0.000534   0.000173
 -0.000411   0.000215   0.000099
 -0.001452  -0.001747  -0.000846
 -0.000346   0.000561  -0.000064
 -0.000192   0.000212   0.000160
 -0.000083   0.000169  -0.000089
 -0.000202   0.000171  -0.000408
 -0.000375   0.000466  -0.000069
 -0.093745  -0.107875  -0.060899
 -0.000055   0.000042  -0.000440
 -0.000107  -0.000361   0.000064
  0.000964   0.002505   0.001473
 -0.000065  -0.000242   0.000664
 -0.000125  -0.000025   0.000232
 -0.000118  -0.000037  -0.000152
 -0.000220  -0.000154   0.000576
   19    2  0.0000  0.0200  0.0000
  0.000236   0.001519  -0.000947
  0.000286  -0.000220  -0.000560
 -0.004805   0.000329  -0.002662
  0.103695   0.193349   0.093822
 -0.000989   0.000285   0.000673
 -0.000520   0.000843  -0.001234
 -0.002032  -0.003404  -0.000890
 -0.000022  -0.000252  -0.000631
  0.009242   0.006881   0.006448
  0.000051   0.001242   0.000877
  0.000566  -0.000039  -0.000211
  0.000215  -0.000066  -0.000076
  0.001540   0.001620   0.001345
 -0.000440  -0.000266   0.000075
 -0.000073  -0.000252  -0.000379
  0.000103  -0.000189   0.000273
  0.000298  -0.000368   0.000568
 -0.000378  -0.001192  -0.000466
 -0.107462  -0.198495  -0.097043
 -0.000028  -0.000158  -0.000133
  0.000515  -0.000272  -0.000241
  0.000092  -0.000242   0.000258
 -0.000202  -0.000035   0.000196
  0.000024  -0.000033   0.000145
  0.000102  -0.000374   0.000552
 -0.000013  -0.000211   0.000241
   19    3  0.0000  0.0000  0.0200
 -0.001938  -0.005673   0.003281
 -0.001213  -0.000256   0.001936
  0.000442  -0.000144   0.000592
  0.058742   0.094055   0.080353
 -0.000629   0.000270  -0.000401
  0.001088  -0.000977   0.000731
  0.007303   0.014114   0.001977
 -0.001154   0.001443   0.002461
 -0.001296  -0.001320  -0.000726
 -0.001581  -0.005999  -0.004536
  0.000192  -0.000299   0.000012
  0.000122   0.000019   0.000029
  0.000032  -0.000375  -0.000682
  0.000076  -0.000024  -0.000116
 -0.000336   0.000536  -0.000213
 -0.000074   0.000272  -0.000219
 -0.000424   0.000508  -0.000386
  0.001781   0.002916   0.000967
 -0.061197  -0.098034  -0.081977
  0.000515   0.000111  -0.000216
 -0.000039   0.000204  -0.000122
 -0.000932  -0.001205  -0.001127
  0.000614   0.000169  -0.000956
  0.000202   0.000176  -0.000373
  0.000164  -0.000391  -0.000160
 -0.000459  -0.000097  -0.000129
   20    1  0.0200  0.0000  0.0000
  0.001295   0.001067   0.000063
  0.001392   0.002991  -0.001671
  0.000651   0.000508  -0.000050
 -0.004644   0.002032  -0.013348
  0.001380  -0.000615   0.000439
 -0.000268  -0.000071  -0.000006
  0.005566   0.000038   0.002167
 -0.000544  -0.003095   0.006649
 -0.000800   0.001283   0.000080
  0.027700  -0.008393   0.023516
 -0.000496   0.000399  -0.000116
 -0.000326   0.000212  -0.000016
 -0.000303  -0.000321   0.000014
  0.000191  -0.000299   0.000044
  0.000167  -0.000440   0.000194
 -0.000069   0.000046   0.000045
  0.000019  -0.000160  -0.000061
 -0.000736  -0.000577   0.000014
 -0.000084  -0.000078   0.000229
 -0.029876   0.008566  -0.029685
  0.001330  -0.002880   0.012895
 -0.000175  -0.000084  -0.000151
 -0.000262  -0.000380   0.001903
 -0.000210  -0.000184   0.000150
 -0.000479   0.000149  -0.000419
 -0.000417   0.000286  -0.002878
   20    2  0.0000  0.0200  0.0000
  0.001070   0.000428  -0.000107
  0.001764   0.004476  -0.001575
  0.000463   0.000234   0.000031
 -0.001504   0.000389  -0.002454
  0.000528  -0.001200  -0.000067
 -0.000093  -0.000239  -0.000019
  0.001167   0.000110   0.000914
 -0.000433  -0.004000   0.010837
  0.000286   0.001033  -0.000433
 -0.008533   0.036585  -0.045460
 -0.000092   0.000197  -0.000065
 -0.000241   0.000224  -0.000086
 -0.000289  -0.000114  -0.000008
  0.000202  -0.000479   0.000030
  0.000042  -0.000278   0.000076
 -0.000123   0.000087   0.000052
 -0.000007  -0.000003   0.000004
 -0.000615  -0.000301   0.000078
  0.000108  -0.000025   0.000148
  0.008416  -0.039235   0.054989
 -0.002258   0.003756  -0.018480
  0.000135  -0.000198  -0.000400
  0.000214  -0.000505   0.002531
  0.000004  -0.000550   0.000358
 -0.000089  -0.000155  -0.000009
 -0.000123  -0.000238  -0.000886
   20    3  0.0000  0.0000  0.0200
  0.000206  -0.000362  -0.000353
  0.000774   0.002589  -0.001393
 -0.000064   0.000143  -0.000088
  0.005196  -0.000235   0.006082
  0.000647  -0.000538   0.000862
  0.000288  -0.000456   0.000168
 -0.002705   0.000220  -0.001299
 -0.001721  -0.004360   0.005823
  0.000202  -0.000709   0.000925
  0.029453  -0.054888   0.277098
 -0.000159   0.000293  -0.000316
 -0.000229   0.000319  -0.000400
 -0.000047   0.000070  -0.000057
 -0.000208   0.000225  -0.000316
 -0.000238   0.000365  -0.000540
 -0.000119   0.000152  -0.000049
 -0.000090   0.000178  -0.000054
 -0.000100   0.000162   0.000177
 -0.000417  -0.000132  -0.000364
 -0.029589   0.054783  -0.289266
 -0.001879   0.002716   0.001875
  0.000351   0.000250  -0.000415
  0.000028  -0.000386   0.000923
 -0.000014  -0.000155   0.000007
  0.000151  -0.000065   0.000025
  0.000284  -0.000179   0.000945
   21    1  0.0200  0.0000  0.0000
  0.000682   0.000499  -0.000040
  0.000271   0.000152  -0.001183
  0.001412   0.001071   0.000223
  0.003856  -0.014201   0.003041
  0.003143   0.000449   0.001340
 -0.000183  -0.000261   0.000229
  0.000920  -0.000381   0.001574
 -0.004408   0.005488  -0.000591
  0.002233   0.005155  -0.002799
  0.109292  -0.124603   0.013977
 -0.001434   0.001345   0.000050
 -0.000389   0.000028  -0.000007
 -0.000762  -0.000635  -0.000108
  0.001197  -0.002584   0.000005
 -0.000134  -0.000468   0.000223
 -0.000087   0.000026   0.000042
 -0.000067  -0.000061  -0.000220
 -0.000404  -0.000223  -0.000062
 -0.000178   0.000582   0.000023
  0.001158  -0.001889  -0.002207
 -0.114751   0.130436  -0.012843
 -0.000390  -0.000295  -0.000075
 -0.000153  -0.000101   0.000322
 -0.000188  -0.000016   0.000197
 -0.000396   0.000304  -0.000569
 -0.000243   0.000184  -0.000542
   21    2  0.0000  0.0200  0.0000
  0.000521   0.000230   0.000114
 -0.000159   0.001282  -0.001471
  0.001016   0.000442  -0.000342
  0.002850  -0.001142  -0.000459
  0.004865  -0.000095   0.002505
 -0.000297   0.000050  -0.000396
 -0.000396   0.000534   0.000459
 -0.010159   0.006490  -0.002458
  0.000566   0.000724  -0.000307
 -0.124879   0.201448  -0.021022
 -0.001661   0.001718  -0.000141
 -0.000363   0.000002  -0.000180
 -0.000602  -0.000284   0.000156
  0.000441  -0.000774  -0.000170
 -0.000008  -0.000256   0.000055
 -0.000030  -0.000060   0.000217
  0.000020  -0.000083   0.000070
 -0.000236  -0.000209   0.000051
 -0.000263  -0.000161   0.000141
 -0.002567   0.003391   0.002642
  0.130449  -0.211599   0.019543
  0.000475  -0.000264  -0.000097
  0.000155  -0.000391   0.000593
  0.000135  -0.000428   0.000524
  0.000106  -0.000340   0.000021
  0.000022  -0.000224  -0.000048
   21    3  0.0000  0.0000  0.0200
 -0.000030   0.000019  -0.000039
 -0.000388  -0.000378  -0.000511
  0.000074  -0.000060  -0.000410
 -0.002443   0.006117  -0.000880
  0.002194   0.000457   0.001498
 -0.000049   0.000043  -0.000240
  0.000612   0.000146  -0.000416
 -0.004770   0.004468  -0.000780
 -0.001182  -0.001820   0.001398
  0.007745  -0.011962   0.030298
 -0.000640   0.000994  -0.000290
 -0.000233   0.000146  -0.000286
 -0.000062   0.000052   0.000156
 -0.000718   0.000861  -0.000259
 -0.000121   0.000290  -0.000337
  0.000001  -0.000007   0.000080
 -0.000005  -0.000007   0.000074
  0.000004  -0.000014   0.000043
  0.000013  -0.000256  -0.000148
  0.012794  -0.018438   0.002298
 -0.013103   0.019662  -0.030879
  0.000214  -0.000125  -0.000215
  0.000077   0.000007  -0.000145
  0.000052  -0.000055   0.000089
  0.000007  -0.000078   0.000085
 -0.000041  -0.000061  -0.000183
   22    1  0.0200  0.0000  0.0000
  0.000697  -0.000100   0.000395
 -0.000613  -0.000689   0.002971
 -0.000880  -0.003426   0.001921
 -0.001137   0.001604   0.002594
  0.007105   0.005999  -0.005167
  0.000225  -0.000382   0.000834
  0.000140   0.000035   0.000755
  0.230081   0.032512  -0.102599
 -0.000504  -0.000084  -0.000487
  0.005838  -0.002219  -0.005479
 -0.000399  -0.000382   0.000123
 -0.000411  -0.000140   0.000402
  0.001267   0.000508  -0.000991
  0.000183   0.000067   0.000084
  0.000077   0.000045   0.000050
 -0.000123   0.000224  -0.000358
 -0.000065   0.000068  -0.000233
 -0.000794  -0.000085   0.000378
  0.000899   0.000057  -0.000904
 -0.000161  -0.000147   0.000608
 -0.000449   0.000512   0.000050
 -0.240130  -0.034144   0.106381
 -0.000320   0.000127  -0.000347
 -0.000355   0.000048  -0.000428
 -0.000048   0.000045  -0.000204
 -0.000123  -0.000050  -0.000348
   22    2  0.0000  0.0200  0.0000
 -0.001381   0.000505  -0.000795
  0.003757   0.000896  -0.000284
  0.001364   0.004866  -0.002398
 -0.001913   0.003289   0.003941
 -0.011197  -0.004165   0.006764
 -0.000549   0.000552  -0.001104
  0.000412  -0.000368   0.000778
  0.032747   0.026485  -0.016405
 -0.000066   0.001945   0.000400
  0.009686  -0.000599  -0.007480
  0.000716  -0.000106   0.000163
  0.000382  -0.000304  -0.000490
 -0.002778  -0.000759   0.001232
  0.000021  -0.000989  -0.000173
  0.000047  -0.000467  -0.000104
  0.000167  -0.000375   0.000509
  0.000150  -0.000192   0.000211
  0.000796  -0.000481  -0.000348
  0.002661  -0.000097  -0.001244
 -0.000034  -0.000218   0.000407
 -0.000328  -0.000124  -0.000128
 -0.034391  -0.029098   0.017016
 -0.000123  -0.000111  -0.000200
 -0.000104  -0.000068   0.000297
 -0.000018  -0.000066  -0.000146
 -0.000024   0.000049  -0.000419
   22    3  0.0000  0.0000  0.0200
  0.005898  -0.000418   0.003590
 -0.016526  -0.001271   0.002587
  0.000005  -0.000373   0.000540
 -0.000742   0.001534   0.002431
  0.001957  -0.000504  -0.000006
  0.000574  -0.001264   0.000462
  0.000644   0.000925   0.001405
 -0.101944  -0.016184   0.071548
 -0.000153   0.000483  -0.000213
  0.006106   0.000204  -0.002995
 -0.000019   0.000080  -0.000159
 -0.000247   0.000464  -0.000094
  0.000248  -0.000113  -0.000659
  0.000137  -0.000221  -0.000056
 -0.000042  -0.000097  -0.000034
 -0.000395   0.000500  -0.000266
 -0.000186   0.000228  -0.000163
 -0.003319  -0.000556   0.001096
  0.001544   0.000493  -0.001088
 -0.000174  -0.000379  -0.000201
 -0.000239   0.000070  -0.000213
  0.106344   0.016785  -0.075848
  0.000539   0.000450  -0.000237
  0.000565  -0.000282  -0.000364
 -0.000203  -0.000155  -0.000349
 -0.000373  -0.000401  -0.000715
   23    1  0.0200  0.0000  0.0000
  0.004364   0.011226   0.009689
  0.099918   0.104884   0.064197
  0.000231   0.000023  -0.000436
  0.000142   0.000614  -0.001065
  0.000274   0.000028  -0.000329
 -0.000858   0.001094  -0.000027
  0.002537  -0.002969  -0.004677
  0.000672   0.001241   0.000377
 -0.000244   0.000279   0.000187
  0.000050  -0.000447   0.000284
 -0.000026  -0.000014   0.000080
 -0.000234   0.000086  -0.000011
 -0.000093  -0.000066   0.000248
 -0.000018  -0.000066   0.000045
  0.000138  -0.000126   0.000035
  0.000065  -0.000271  -0.000028
  0.000167  -0.000497   0.000037
 -0.000328  -0.000298  -0.000438
 -0.000040  -0.000246   0.000639
 -0.000301   0.000109   0.000021
 -0.000063   0.000142   0.000114
 -0.000138  -0.000146   0.000339
 -0.099142  -0.105960  -0.064549
 -0.008240  -0.011134  -0.006545
 -0.000028   0.000519   0.000416
  0.001193   0.001996   0.001398
   23    2  0.0000  0.0200  0.0000
  0.001033   0.001312   0.001388
  0.094902   0.191692   0.092192
  0.000084  -0.000185  -0.000185
  0.000314   0.000084  -0.000441
  0.000207   0.000046   0.001030
  0.000649   0.001016  -0.000409
  0.000126  -0.000751  -0.000863
 -0.001890  -0.003745  -0.000850
  0.000010   0.000026   0.000096
  0.000264   0.001023  -0.001115
  0.000085   0.000019   0.000054
  0.000118  -0.000248  -0.000234
 -0.000058   0.000066   0.000090
 -0.000062  -0.000010   0.000022
  0.000026  -0.000033  -0.000027
  0.000178  -0.000479   0.000048
  0.000052  -0.000354   0.000006
  0.000112  -0.000129  -0.000127
 -0.000163  -0.000087   0.000231
 -0.000410  -0.000682  -0.000504
 -0.000032  -0.000417  -0.000027
  0.000121  -0.000125   0.000368
 -0.105804  -0.202586  -0.100494
  0.009989   0.014621   0.009261
  0.000025  -0.000204   0.000055
  0.000126   0.000133   0.000436
   23    3  0.0000  0.0000  0.0200
 -0.002144  -0.006035  -0.005228
  0.061687   0.097256   0.085194
 -0.000359  -0.000238   0.000732
 -0.001136  -0.000161   0.001766
 -0.001046   0.001574   0.000401
  0.000696  -0.000748   0.000518
 -0.001258   0.001581   0.002737
  0.008398   0.012947   0.002784
  0.000092   0.000279  -0.000276
 -0.002003  -0.005512   0.003294
  0.000397  -0.000362  -0.000051
  0.000315  -0.000528  -0.000187
  0.000203   0.000121  -0.000372
  0.000132  -0.000125   0.000047
 -0.000023   0.000019  -0.000086
 -0.000174   0.000233  -0.000153
 -0.000070   0.000196  -0.000162
  0.000639   0.000251  -0.000184
  0.000657   0.000125  -0.000930
  0.001842   0.002371   0.001053
  0.000327   0.000557  -0.000123
 -0.000370  -0.000168  -0.000331
 -0.064495  -0.100566  -0.086905
 -0.001309  -0.001770  -0.002057
  0.000031  -0.000169  -0.000333
 -0.001029  -0.001128  -0.001151
   24    1  0.0200  0.0000  0.0000
  0.005786  -0.013624   0.004035
  0.125435  -0.134485   0.016107
  0.000176  -0.000106  -0.001159
  0.000280   0.000219  -0.000382
  0.000052   0.000212   0.000409
  0.002181   0.004873  -0.003004
 -0.000652  -0.001125  -0.000537
  0.000845  -0.001012  -0.000231
 -0.000166  -0.000386   0.000024
  0.000366   0.000008  -0.000220
  0.000038  -0.000011   0.000080
 -0.000314  -0.000068  -0.000177
 -0.000090   0.000022   0.000634
 -0.000036   0.000053   0.000077
  0.000141   0.000128   0.000076
  0.001369  -0.002223   0.000521
  0.000039  -0.000598   0.000168
 -0.000286   0.000439  -0.000364
 -0.000088  -0.000061   0.000235
 -0.000188  -0.000065  -0.000012
 -0.000075   0.000083   0.000084
 -0.000278  -0.000071   0.000523
 -0.008414   0.010098  -0.001230
 -0.126264   0.136905  -0.016005
  0.000110   0.000504   0.000236
  0.000035   0.000291   0.000111
   24    2  0.0000  0.0200  0.0000
  0.000839  -0.003297   0.000708
 -0.124802   0.219527  -0.016415
  0.000213   0.000089  -0.000409
  0.000088  -0.000134  -0.000269
  0.000762  -0.001023  -0.000972
  0.000653   0.000847  -0.000729
 -0.000961   0.000249   0.000242
 -0.002034   0.002009   0.000608
 -0.000051   0.000118   0.000103
  0.000022   0.001043  -0.000561
 -0.000095  -0.000198   0.000028
 -0.000476   0.000297   0.000213
 -0.000140  -0.000076   0.000221
 -0.000017  -0.000052  -0.000041
  0.000001  -0.000036   0.000012
  0.000574  -0.000642   0.000007
  0.000024  -0.000366   0.000001
 -0.000332  -0.000077   0.000123
 -0.000062   0.000002   0.000110
 -0.000163  -0.000449  -0.000145
 -0.000056  -0.000388  -0.000076
  0.000099  -0.000111  -0.000173
 -0.010679   0.014353  -0.001633
  0.136561  -0.231205   0.019131
  0.000062  -0.000214   0.000001
 -0.000030  -0.000269  -0.000085
   24    3  0.0000  0.0000  0.0200
 -0.003126   0.007089  -0.002256
  0.018368  -0.021115   0.032005
 -0.001107  -0.000509   0.001485
 -0.000383  -0.000173   0.000747
 -0.002527   0.003051   0.005605
 -0.000983  -0.002775   0.001790
  0.000191   0.000754   0.001022
  0.010029  -0.012663  -0.002640
  0.000047  -0.000111  -0.000360
 -0.000887  -0.001199  -0.000896
  0.000294  -0.000601  -0.000473
  0.002221  -0.002632   0.000250
  0.000642   0.000219  -0.000844
  0.000180   0.000112   0.000056
 -0.000036   0.000010  -0.000051
 -0.001057   0.001358  -0.000687
  0.000010   0.000196  -0.000257
  0.000511  -0.000150  -0.000163
  0.000228   0.000141  -0.000359
  0.000144   0.000285   0.000141
  0.000179   0.000525   0.000101
 -0.000509   0.000299  -0.000380
 -0.006489   0.010034  -0.001875
 -0.015662   0.018391  -0.031374
 -0.000089  -0.000219  -0.000259
 -0.000190  -0.000317  -0.000328
   25    1  0.0200  0.0000  0.0000
 -0.003945   0.006012  -0.001226
 -0.000542  -0.000818  -0.000126
  0.000258   0.000173   0.000688
  0.001452  -0.002380  -0.001802
 -0.000011  -0.000114  -0.000145
  0.002419   0.000458   0.001392
  0.100329  -0.111958   0.011457
  0.000050   0.000102   0.000363
 -0.000461   0.001105   0.000949
  0.001074  -0.000164   0.000595
 -0.000038  -0.000032   0.000047
  0.000030  -0.000029   0.000047
 -0.000173  -0.000118  -0.000349
 -0.000271  -0.000034  -0.000028
  0.000043  -0.000702  -0.000132
 -0.000493   0.000131   0.000015
 -0.000772   0.001234  -0.000106
 -0.000154  -0.000405   0.000080
 -0.000159   0.000058   0.000127
 -0.000487  -0.000037   0.000157
 -0.000348   0.000028   0.000049
 -0.000074  -0.000083  -0.000114
  0.000060   0.000246   0.000051
  0.000018   0.000070  -0.000242
 -0.108008   0.124753  -0.014393
  0.010204  -0.017495   0.002645
   25    2  0.0000  0.0200  0.0000
 -0.009208   0.007918  -0.004595
 -0.001403   0.000443   0.000714
  0.000002  -0.000165   0.000921
 -0.001267   0.003112   0.002445
 -0.000583  -0.000021   0.000035
  0.004431   0.000127   0.002464
 -0.121470   0.211880  -0.024125
  0.000201   0.000132   0.000306
  0.000598  -0.000500  -0.000929
 -0.000344   0.000679   0.000026
  0.000142  -0.000031  -0.000053
  0.000205   0.000041  -0.000111
 -0.000035   0.000074  -0.000469
 -0.000118  -0.000071   0.000036
 -0.000274   0.000039   0.000049
 -0.000356   0.000020  -0.000104
 -0.001214   0.001590  -0.000445
  0.000329  -0.000454   0.000362
 -0.000028  -0.000372  -0.000381
  0.000091  -0.000258  -0.000064
  0.000323  -0.000360  -0.000075
  0.000056  -0.000072  -0.000193
  0.000493  -0.000197  -0.000149
  0.000573  -0.000252  -0.000215
  0.124600  -0.221317   0.025626
  0.004255  -0.001985  -0.001078
   25    3  0.0000  0.0000  0.0200
 -0.004609   0.005349  -0.001645
 -0.000845   0.000072   0.001177
  0.000750   0.000832   0.001412
  0.007743  -0.013815  -0.002010
  0.000053  -0.000135  -0.000455
  0.002735  -0.000147   0.001906
  0.015183  -0.028205   0.027224
  0.000343   0.000257   0.000750
 -0.001775   0.003148   0.005257
  0.001461   0.000321  -0.000705
 -0.000172  -0.000092   0.000060
  0.000012   0.000062  -0.000012
 -0.000379  -0.000446  -0.000788
  0.000360  -0.000370  -0.000415
  0.001362  -0.002682   0.000163
 -0.000149   0.000090  -0.000275
 -0.000824   0.001502  -0.000660
 -0.000011  -0.000288  -0.000122
 -0.000144   0.000690  -0.000224
 -0.000381   0.000022   0.000069
 -0.000599   0.000089   0.000082
 -0.000221  -0.000120  -0.000337
  0.000412   0.000059  -0.000394
  0.000188   0.000089  -0.000296
 -0.014150   0.025204  -0.028979
 -0.006342   0.008515  -0.000781
   26    1  0.0200  0.0000  0.0000
  0.006115  -0.001464  -0.006503
 -0.001276   0.001935   0.002960
 -0.000107   0.000248   0.000288
 -0.000928  -0.000465   0.002574
  0.000188  -0.000244  -0.000223
  0.001404  -0.000370   0.000273
  0.229563   0.030545  -0.103100
  0.000192  -0.000043   0.000674
  0.000346   0.000248  -0.000778
  0.000336   0.000014   0.000603
 -0.000118  -0.000009  -0.000043
 -0.000098   0.000116   0.000067
 -0.000030  -0.000113  -0.000167
 -0.000222   0.000043   0.000014
 -0.000201   0.000054   0.000145
 -0.000570   0.000303   0.000024
 -0.000479   0.000355  -0.000007
 -0.000307   0.000042   0.000425
 -0.000188   0.000120  -0.000358
 -0.000522  -0.000201   0.000405
 -0.000296   0.000081  -0.000018
 -0.000133   0.000010  -0.000369
  0.001135   0.000126  -0.001009
 -0.000050  -0.000002  -0.000212
  0.010109   0.004055  -0.006197
 -0.243862  -0.035384   0.110530
   26    2  0.0000  0.0200  0.0000
  0.010000   0.000222  -0.007885
 -0.001251   0.003148   0.004011
  0.000039   0.000120   0.000305
  0.002983   0.000641  -0.000254
  0.000128  -0.000276  -0.000194
  0.000419  -0.001148  -0.000073
  0.039575   0.033799  -0.022023
  0.000172  -0.000273   0.000753
  0.000084   0.000126   0.000478
 -0.000816   0.000317  -0.000767
 -0.000070  -0.000006  -0.000051
 -0.000042   0.000116   0.000073
 -0.000032  -0.000079  -0.000173
 -0.000029  -0.000015  -0.000079
  0.000024  -0.000248   0.000019
 -0.000268   0.000258  -0.000036
 -0.000162   0.000036   0.000034
 -0.000366  -0.000288   0.000362
 -0.000098  -0.000049  -0.000110
  0.000315  -0.000282  -0.000171
  0.000218  -0.000153  -0.000095
 -0.000107   0.000041  -0.000372
  0.002084   0.000176  -0.001141
  0.000334  -0.000265  -0.000339
 -0.017417  -0.001816   0.008329
 -0.035715  -0.034102   0.019400
   26    3  0.0000  0.0000  0.0200
  0.006411   0.001091  -0.003538
 -0.000792   0.001558   0.002652
  0.000382   0.000216   0.000665
 -0.016067  -0.002598   0.002803
 -0.000385   0.000014  -0.000392
  0.000308  -0.000900   0.000389
 -0.106738  -0.018093   0.076108
  0.000570   0.000848   0.001218
 -0.001022   0.001531   0.000331
  0.005859  -0.000158   0.003685
  0.000120  -0.000139   0.000037
  0.000024   0.000020  -0.000067
 -0.000164  -0.000146  -0.000406
  0.000461  -0.000508  -0.000162
  0.000410  -0.000466  -0.000120
 -0.000156   0.000148  -0.000175
 -0.000094   0.000262  -0.000145
 -0.000325  -0.000463  -0.000035
  0.000610   0.000300  -0.000125
 -0.002903  -0.000819   0.001156
 -0.000657   0.000011  -0.000187
 -0.000329  -0.000438  -0.000726
  0.001512   0.000602  -0.001095
  0.000154  -0.000159  -0.000340
  0.002316  -0.000868  -0.000850
  0.110494   0.019153  -0.080685
