    3   26   78
  28.085  72.610   1.000
    1    1  0.0200  0.0000  0.0000
 -0.305118   0.003101  -0.018600
  0.138039   0.016380  -0.047606
 -0.008614   0.001130  -0.007213
  0.001291   0.000641  -0.001347
  0.070710  -0.062738   0.002059
  0.058045   0.051208   0.024314
 -0.000656  -0.000715   0.003778
 -0.000563  -0.000451   0.003174
 -0.003107   0.002169   0.001071
 -0.002543  -0.002717   0.000064
  0.000740  -0.000446  -0.000189
  0.001547  -0.000911  -0.000183
 -0.000114   0.000836  -0.002194
 -0.000020  -0.000076   0.000107
 -0.000532  -0.000123  -0.000193
  0.006384  -0.010534   0.001980
 -0.004495   0.009298  -0.000021
  0.033208  -0.008350   0.040292
  0.000035   0.000050  -0.001845
  0.001320   0.001029   0.000292
  0.000633   0.000544   0.000022
  0.000962  -0.001271   0.006003
  0.004955   0.001246  -0.002316
  0.006385   0.000659  -0.003247
 -0.004129  -0.009606  -0.004519
  0.005637   0.009649   0.006317
    1    2  0.0000  0.0200  0.0000
  0.002927  -0.295891   0.030805
  0.019533   0.033335  -0.009403
  0.002017  -0.000302  -0.001374
  0.000508  -0.004638  -0.001180
 -0.063701   0.117466  -0.003838
  0.048934   0.106510   0.038054
 -0.000397  -0.000119  -0.005841
 -0.002004  -0.006995   0.004526
  0.002352   0.000065   0.000578
 -0.002871  -0.000220  -0.000391
 -0.000382   0.000144   0.000040
 -0.000963  -0.000081   0.000506
  0.000857  -0.000769   0.003444
 -0.000071   0.000923   0.000230
 -0.000178   0.002333   0.000505
  0.005398  -0.003992  -0.000618
 -0.006196   0.006525  -0.001883
 -0.008511   0.037818  -0.055360
 -0.001089   0.001059  -0.005496
  0.001150   0.000453  -0.000358
  0.000514   0.000172   0.000083
 -0.000125   0.000464  -0.000287
  0.011310   0.001638  -0.006135
 -0.013417  -0.003060   0.007243
  0.006036   0.007259   0.005183
 -0.001631  -0.000097   0.000968
    1    3  0.0000  0.0000  0.0200
 -0.018629   0.030835  -0.435481
 -0.061568  -0.010070   0.060850
 -0.011381  -0.001648   0.003789
 -0.000788  -0.001265   0.000426
  0.010077  -0.015298   0.029071
  0.030647   0.050102   0.052867
  0.007292  -0.010153  -0.003318
  0.005805   0.009235   0.003509
  0.001410   0.000152  -0.000206
  0.000221   0.000031  -0.000431
 -0.000302  -0.000016  -0.000099
 -0.000489   0.000308  -0.000036
  0.000640  -0.000925   0.005251
  0.000096   0.000256  -0.000121
  0.000085   0.000546   0.000055
 -0.005861   0.007158  -0.000358
 -0.004385   0.007810  -0.000274
  0.040237  -0.055227   0.291048
  0.000248  -0.000866   0.003235
  0.000020  -0.000159  -0.000366
 -0.000105   0.000109  -0.000062
  0.000571  -0.000587   0.003294
  0.009518   0.001280  -0.005379
  0.004162   0.000867  -0.002335
 -0.000988  -0.004568  -0.001467
 -0.006534  -0.007907  -0.003461
    2    1  0.0200  0.0000  0.0000
  0.138036   0.019473  -0.061823
 -0.392396   0.014716  -0.042677
  0.034156  -0.004341   0.021069
  0.000665   0.000115  -0.000635
  0.006155  -0.003922   0.000094
  0.004622   0.004463   0.002793
 -0.000978   0.000228   0.002066
 -0.000781  -0.001244   0.001796
 -0.001189   0.001088   0.007392
 -0.000813  -0.003359   0.005027
  0.000163   0.000105  -0.000451
  0.001952  -0.002366   0.000337
  0.000113   0.000266  -0.001137
  0.000061   0.000032  -0.000013
 -0.000332   0.000016  -0.000065
 -0.001101   0.000900  -0.000223
 -0.000850   0.001406  -0.000228
 -0.006574  -0.001115   0.003297
  0.000065   0.000250  -0.001162
  0.001425   0.001778   0.001063
  0.000182   0.000003  -0.000406
 -0.002650   0.003578  -0.017262
  0.098242   0.094657   0.061559
  0.123745  -0.124097   0.021273
 -0.000644  -0.001347  -0.000845
 -0.001275  -0.001283  -0.000838
    2    2  0.0000  0.0200  0.0000
  0.016289   0.033483  -0.010068
  0.014752  -0.480924  -0.035065
 -0.001255   0.036242  -0.027322
  0.000080   0.001566  -0.000029
 -0.009533  -0.008509   0.007398
  0.009792  -0.001356  -0.006514
  0.000560   0.000603   0.001654
 -0.001645   0.000798   0.000511
 -0.000425  -0.000542  -0.012374
 -0.001671  -0.008964   0.011023
  0.000398   0.000332   0.000732
 -0.002148   0.003489  -0.000443
 -0.000092  -0.000125  -0.000673
  0.000135  -0.000497  -0.000073
 -0.000042  -0.000487  -0.000163
 -0.003547   0.004949  -0.000641
  0.000510   0.001167  -0.000229
  0.002775   0.000740  -0.001231
  0.000642  -0.000155  -0.000284
  0.002930   0.004499   0.002779
  0.000032   0.001279  -0.000442
 -0.000269   0.000635  -0.001536
  0.103741   0.190830   0.096465
 -0.133123   0.217258  -0.025231
 -0.000756   0.000494   0.000125
  0.001870   0.003194   0.001631
    2    3  0.0000  0.0000  0.0200
 -0.047401  -0.009365   0.060738
 -0.042680  -0.035250  -0.338690
  0.006889  -0.028320   0.161918
 -0.000596  -0.000063   0.001446
 -0.000297   0.005614  -0.003403
  0.004430  -0.004733  -0.009022
  0.002118   0.001314  -0.003143
  0.001695   0.000615  -0.003541
  0.006248  -0.006767  -0.004024
  0.005105   0.005372   0.003981
 -0.001211   0.001668   0.000407
 -0.003133   0.003676  -0.000890
 -0.001238  -0.000411   0.001534
 -0.000382  -0.000093  -0.000222
  0.000223  -0.000143   0.000159
  0.002063  -0.002488   0.000715
  0.000308  -0.000835   0.000609
 -0.014574  -0.002207   0.006761
 -0.001043  -0.000452   0.001629
 -0.001692  -0.001696  -0.001308
 -0.001065  -0.001466  -0.000501
  0.000529  -0.000514   0.002869
  0.063992   0.091902   0.085219
  0.018754  -0.019977   0.033073
  0.000012   0.000815   0.001057
  0.002945   0.003803   0.002627
    3    1  0.0200  0.0000  0.0000
 -0.008737   0.002031  -0.011390
  0.034145  -0.001254   0.006734
 -0.415578  -0.018954   0.054532
 -0.000186   0.000231   0.000225
 -0.000664   0.001653  -0.000662
 -0.000281  -0.001322  -0.001076
  0.005381  -0.008595   0.000949
  0.003943   0.008226   0.005065
  0.068594  -0.067271   0.010629
  0.056418   0.051906   0.032627
 -0.004622   0.010295  -0.000160
 -0.000551   0.001225  -0.002024
  0.002029   0.000649  -0.000890
 -0.000239  -0.000131  -0.000118
  0.000009  -0.000074   0.000077
  0.000265  -0.000482   0.000590
  0.000077  -0.000398   0.000204
  0.005782   0.000836  -0.002472
  0.002549   0.000068  -0.001223
 -0.000292  -0.000175  -0.001977
 -0.004161  -0.010474  -0.005046
  0.253969   0.035637  -0.105404
  0.000910  -0.001959   0.009162
  0.001030  -0.002171   0.010734
  0.000007   0.000274   0.000306
  0.000204   0.000228   0.000606
    3    2  0.0000  0.0200  0.0000
  0.001150  -0.000453  -0.001646
 -0.004334   0.036266  -0.028115
 -0.018854  -0.293253   0.011425
  0.000373  -0.004853  -0.001536
  0.002196  -0.000914   0.002423
 -0.001783   0.000467  -0.001350
 -0.003790  -0.006525   0.003993
  0.004740  -0.001041  -0.003040
 -0.055762   0.119228  -0.016070
  0.043516   0.104579   0.050241
 -0.006463   0.006957  -0.001735
 -0.000222   0.000392   0.002144
  0.005178   0.000816  -0.002214
 -0.000062   0.002458   0.000599
 -0.000085   0.001023   0.000261
 -0.000418   0.000705  -0.001264
 -0.000383   0.000385  -0.000417
 -0.000344   0.000423   0.000214
 -0.003398  -0.000371   0.001222
 -0.003227  -0.003961  -0.005115
  0.006112   0.006980   0.004938
  0.035575   0.032136  -0.016707
  0.001152  -0.003727   0.014050
 -0.001129   0.002317  -0.013544
  0.000209   0.000130   0.000271
  0.000053  -0.000166   0.000971
    3    3  0.0000  0.0000  0.0200
 -0.007279  -0.001323   0.003741
  0.021069  -0.027436   0.161998
  0.054531   0.011627  -0.328675
 -0.000311  -0.001417   0.001885
 -0.000695   0.002479  -0.001837
 -0.001198  -0.001386  -0.003487
 -0.001198   0.005501  -0.002925
  0.001180  -0.004877  -0.006977
  0.005247  -0.010340   0.029335
  0.023585   0.043894   0.056329
 -0.003800   0.005980  -0.000469
  0.009444  -0.013493   0.002255
 -0.002585  -0.000330   0.001673
 -0.000478   0.000517  -0.000179
  0.000090   0.000230  -0.000150
  0.000805  -0.001059   0.000588
  0.000320  -0.000438   0.000439
  0.002950   0.000482  -0.001107
 -0.004452  -0.001014   0.002306
  0.007320   0.011630   0.006252
 -0.000549  -0.002882  -0.000999
 -0.105757  -0.016822   0.076379
  0.000516  -0.000503   0.003767
  0.000088  -0.000050  -0.002380
  0.000392   0.000256   0.000753
  0.000765   0.000772   0.001485
    4    1  0.0200  0.0000  0.0000
  0.001311   0.000555  -0.000859
  0.000762   0.000052  -0.000531
 -0.000162   0.000370  -0.000413
 -0.432836  -0.014571   0.030830
 -0.000155  -0.001340   0.001906
 -0.000286   0.000780   0.003117
  0.056560   0.052929   0.028888
  0.068683  -0.066776   0.005847
  0.003785   0.008044   0.006296
  0.005342  -0.008829   0.002206
  0.002875   0.000059  -0.001501
 -0.000576  -0.000452  -0.000040
 -0.003960  -0.010707  -0.005179
  0.260627   0.034351  -0.098282
  0.042884  -0.006656   0.034429
  0.000303   0.000299  -0.001041
 -0.000329  -0.000005  -0.001571
 -0.000725  -0.000176  -0.000153
 -0.004470   0.010585  -0.000187
 -0.000795   0.000235   0.000203
  0.002310   0.000785  -0.001195
 -0.000284  -0.000214   0.000111
 -0.000332  -0.000058   0.000156
 -0.000289  -0.000075   0.000179
 -0.000528   0.000676  -0.001946
  0.000289   0.000139  -0.001271
    4    2  0.0000  0.0200  0.0000
  0.000661  -0.004824  -0.001259
  0.000046   0.001546  -0.000027
  0.000169  -0.004801  -0.001483
 -0.014402  -0.299368   0.040817
 -0.001406  -0.008612   0.005015
 -0.001205  -0.000876  -0.006689
  0.041903   0.108292   0.042718
 -0.055680   0.120806  -0.007007
  0.005853  -0.001827  -0.003121
 -0.004425  -0.007892   0.003549
 -0.003684  -0.000175   0.000970
 -0.001500   0.000414   0.000661
  0.006004   0.006994   0.004805
  0.036767   0.034136  -0.017890
 -0.009159   0.039875  -0.056192
 -0.000161   0.001170  -0.001574
 -0.001652   0.001368  -0.005588
 -0.000324   0.002704   0.000610
 -0.006192   0.006471  -0.001929
  0.001508   0.001095  -0.000835
  0.005512   0.000861  -0.001686
 -0.000014   0.002703   0.000707
  0.000324   0.000095   0.000353
 -0.000428   0.000080  -0.000055
  0.001243  -0.000512   0.003416
  0.000241   0.000274   0.001714
    4    3  0.0000  0.0000  0.0200
 -0.001399  -0.001161   0.000412
 -0.000609  -0.000056   0.001520
  0.000216  -0.001403   0.001928
  0.030474   0.041030  -0.469905
  0.006708   0.010055   0.003640
  0.008168  -0.011070  -0.003872
  0.026118   0.048660   0.053701
  0.008487  -0.013004   0.028904
  0.000786  -0.006662  -0.007170
 -0.002200   0.006747  -0.002424
 -0.004745  -0.000806   0.001911
 -0.000821   0.000163   0.001314
 -0.000999  -0.004308  -0.000900
 -0.108943  -0.018404   0.084458
  0.045491  -0.055820   0.296435
 -0.000548  -0.000338  -0.000419
  0.000365  -0.001045   0.003527
  0.000494   0.000592   0.000033
 -0.004305   0.007109   0.000136
 -0.000150  -0.000414   0.000777
 -0.002737  -0.000363   0.001353
 -0.000582   0.000660  -0.000557
  0.000247   0.000123  -0.000452
  0.000122   0.000128  -0.000520
  0.000947  -0.000911   0.005632
 -0.000586   0.000498   0.000541
    5    1  0.0200  0.0000  0.0000
  0.070705  -0.063435   0.010079
  0.006117  -0.009539  -0.000402
 -0.000684   0.002189  -0.000724
 -0.000230  -0.001414   0.006812
 -0.408704  -0.057863   0.034129
 -0.011219   0.003027  -0.004667
  0.026413  -0.004766   0.015486
  0.000530   0.001169  -0.002046
 -0.007870   0.001850  -0.011862
  0.001153   0.000201   0.000208
  0.000956   0.000093   0.000672
  0.005697   0.000529  -0.002592
  0.001767  -0.001468   0.007911
  0.000469  -0.000141  -0.000629
  0.001048   0.001310   0.000642
  0.230295   0.028614  -0.110187
  0.078360   0.094755   0.052356
  0.000010   0.000508  -0.000044
  0.000117  -0.000434   0.000971
 -0.000333  -0.000131   0.000301
 -0.000194  -0.000319  -0.000044
  0.000325  -0.000912   0.000677
 -0.000891   0.000540   0.000712
  0.002033   0.000627  -0.000832
  0.002608   0.004625   0.002687
  0.001522   0.000388   0.000383
    5    2  0.0000  0.0200  0.0000
 -0.062497   0.117429  -0.015315
 -0.003764  -0.008502   0.005646
  0.001649  -0.000932   0.002526
 -0.001264  -0.008654   0.010010
 -0.057859  -0.365614  -0.046477
 -0.003053   0.009092   0.002466
 -0.004457   0.030509  -0.020012
  0.001527  -0.002222   0.001610
  0.001580  -0.000842  -0.002670
  0.000145   0.001080  -0.000362
 -0.000258   0.000651   0.000339
 -0.000401   0.000386   0.000258
 -0.001606   0.002946  -0.012367
  0.000146   0.000990  -0.000579
  0.002463   0.005102   0.002328
  0.035269   0.031202  -0.015419
  0.087871   0.185654   0.095395
  0.000496  -0.000400   0.000126
 -0.000731   0.000785  -0.001122
 -0.000080  -0.000232  -0.000454
 -0.000317   0.000038   0.000065
 -0.000546   0.000654  -0.001319
  0.000978   0.001004  -0.000696
  0.004625   0.000838  -0.002820
  0.000488   0.000152  -0.000186
 -0.000403  -0.001116  -0.000973
    5    3  0.0000  0.0000  0.0200
  0.002075  -0.003914   0.029082
  0.000040   0.007394  -0.003728
 -0.000658   0.002422  -0.001955
  0.001835   0.004961   0.003600
  0.033910  -0.046321  -0.327790
 -0.005985   0.002651  -0.003555
  0.022273  -0.031753   0.144928
 -0.001679   0.001743  -0.001833
 -0.005453  -0.000285   0.003885
  0.000183  -0.000343   0.000877
  0.001703   0.000167  -0.000401
  0.002119   0.000116  -0.001609
 -0.001858   0.002870  -0.002985
 -0.000654  -0.001464  -0.000498
 -0.000908  -0.002213  -0.001489
 -0.102524  -0.010857   0.079616
  0.045589   0.090084   0.076713
  0.009392  -0.013490   0.000589
  0.000692  -0.001267   0.000611
 -0.000022   0.000009   0.000177
  0.000294  -0.000384  -0.000240
  0.000843  -0.001282   0.000748
  0.000110  -0.000347   0.000598
 -0.003033  -0.000754   0.002068
  0.001470   0.002429   0.001923
  0.000244  -0.000171   0.000669
    6    1  0.0200  0.0000  0.0000
  0.058093   0.048818   0.030642
  0.004548   0.009796   0.004458
 -0.000308  -0.001785  -0.001348
 -0.000372  -0.001312   0.008121
 -0.011225  -0.003048  -0.005991
 -0.418945   0.035507   0.050370
  0.000696  -0.000017  -0.002117
  0.026280  -0.002064   0.016637
  0.001187  -0.000243   0.000073
 -0.007830   0.002537  -0.011817
 -0.000257   0.000291   0.000085
 -0.000352   0.000002   0.000280
  0.000028  -0.000007   0.000934
  0.000433   0.000403  -0.000600
  0.001480  -0.001839   0.000058
  0.001499  -0.000202   0.000182
  0.003216  -0.005056   0.000578
  0.000289  -0.000098  -0.000079
  0.001563  -0.001533   0.006373
  0.005630   0.001162  -0.002461
  0.000984  -0.000329   0.000585
  0.000200   0.000590   0.000860
  0.002475   0.000079  -0.001216
 -0.000698  -0.000928   0.000302
  0.101598  -0.122009   0.012293
  0.229787   0.041284  -0.107204
    6    2  0.0000  0.0200  0.0000
  0.051007   0.106288   0.050153
  0.004328  -0.001402  -0.004718
 -0.001396   0.000487  -0.001432
  0.000788  -0.000862  -0.011161
  0.003008   0.009129   0.002617
  0.035835  -0.385815   0.022560
 -0.000450  -0.000955  -0.001409
 -0.004887   0.029916  -0.030454
 -0.000177   0.000736   0.000365
  0.000177  -0.000710  -0.000761
  0.000158  -0.000101   0.000015
  0.000056  -0.000342   0.000190
  0.000354  -0.000142   0.000893
  0.000129  -0.000041   0.000749
 -0.002150   0.003545   0.000115
  0.000492  -0.001318   0.000159
 -0.000839   0.000558  -0.000069
 -0.003703  -0.005809  -0.002937
  0.002273  -0.001653   0.013831
 -0.000002   0.000216   0.000261
 -0.000446   0.000503   0.000186
  0.000223  -0.000281   0.000909
 -0.002757  -0.000601   0.001588
 -0.001077   0.000254   0.000697
 -0.112956   0.213329  -0.023703
  0.032014   0.035070  -0.018643
    6    3  0.0000  0.0000  0.0200
  0.024272   0.037961   0.052884
  0.002686  -0.006511  -0.009271
 -0.001041  -0.001313  -0.003620
  0.003049  -0.006668  -0.003851
 -0.004738   0.002470  -0.003463
  0.050206   0.022795  -0.296866
 -0.001832  -0.001531  -0.003177
  0.021449  -0.018070   0.145697
  0.000059   0.000279   0.001136
 -0.005625  -0.002389   0.003840
  0.000337   0.000465  -0.000045
  0.000019  -0.000227   0.000265
  0.000752   0.001015   0.001558
 -0.000858   0.001580   0.000472
 -0.002327   0.004426  -0.000493
  0.000486  -0.000659   0.000785
  0.001495  -0.002717   0.000780
  0.006982   0.011619   0.005576
 -0.000821  -0.002457   0.001727
  0.002156   0.000907  -0.001454
  0.001651   0.000411  -0.000352
  0.000839   0.000890   0.001727
 -0.004690  -0.000843   0.003040
 -0.000398   0.000217   0.001039
  0.008454  -0.019080   0.025891
 -0.102561  -0.022573   0.076175
    7    1  0.0200  0.0000  0.0000
 -0.000768  -0.000528   0.007286
 -0.000992   0.000561   0.002233
  0.005365  -0.003791  -0.001260
  0.056549   0.041817   0.026022
  0.026418  -0.004452   0.022240
  0.000709  -0.000503  -0.001913
 -0.310815   0.060696  -0.011412
 -0.010376  -0.002095  -0.005286
  0.128680   0.021289  -0.050583
 -0.003197  -0.002112   0.000141
  0.002293  -0.001161  -0.002458
 -0.004804  -0.000981   0.004561
  0.098772  -0.118751   0.012422
  0.005491   0.010437   0.006318
  0.000280   0.000608   0.000593
 -0.001349   0.003342  -0.014522
  0.001027  -0.001651   0.005726
  0.001783  -0.001886  -0.000051
  0.003483  -0.004973   0.000367
  0.000727   0.000557  -0.000065
  0.001291   0.001155   0.000156
 -0.001100   0.001766  -0.000036
  0.000268   0.000119  -0.000406
  0.000026   0.000265  -0.001144
  0.000215   0.000069   0.000745
  0.000024   0.000200   0.000328
    7    2  0.0000  0.0200  0.0000
 -0.000693  -0.000100  -0.010057
  0.000141   0.000508   0.001310
 -0.008555  -0.006399   0.005523
  0.053023   0.108296   0.048698
 -0.004803   0.030477  -0.031795
  0.000074  -0.000938  -0.001458
  0.060946  -0.372700   0.005395
  0.002012   0.008080   0.003405
  0.009294   0.027411  -0.004740
 -0.001811  -0.001774  -0.000147
  0.011656   0.001864  -0.005093
  0.003273   0.000597  -0.001660
 -0.119355   0.206326  -0.018867
 -0.001004  -0.001888  -0.000769
 -0.003468  -0.006406  -0.003213
 -0.000728   0.000061  -0.000023
  0.002839  -0.002113   0.013964
 -0.001827   0.002973  -0.000018
 -0.000310   0.000361  -0.000184
  0.000498   0.000253   0.000130
  0.001018   0.000447  -0.000184
 -0.002798   0.004806  -0.000677
  0.000059  -0.000125  -0.000226
  0.000161   0.000111  -0.000399
  0.000153  -0.000218   0.000816
  0.000205   0.000092   0.000271
    7    3  0.0000  0.0000  0.0200
  0.003828  -0.005891  -0.003308
  0.002104   0.001657  -0.003312
  0.000954   0.003994  -0.003105
  0.028745   0.042573   0.053702
  0.015518  -0.020053   0.144933
 -0.002113  -0.001439  -0.003265
 -0.011473   0.005453  -0.266907
 -0.004267   0.001266  -0.003568
 -0.046800  -0.009743   0.045786
  0.000479  -0.000573   0.001513
  0.008122   0.001782  -0.002666
 -0.012091  -0.001645   0.005191
  0.012348  -0.018676   0.023743
 -0.003475  -0.006953  -0.004447
  0.006595   0.011413   0.005284
  0.002160  -0.000191   0.002312
 -0.000573  -0.002342   0.002622
 -0.002968   0.004358  -0.000217
  0.001519  -0.002720   0.000685
 -0.000087   0.000055  -0.000027
  0.000238  -0.000343  -0.000352
  0.001769  -0.002649   0.000806
 -0.000408  -0.000221   0.000799
 -0.001165  -0.000394   0.001536
  0.000691   0.000962   0.001405
  0.000351   0.000320   0.000857
    8    1  0.0200  0.0000  0.0000
 -0.000687  -0.001949   0.005730
 -0.000824  -0.001657   0.001798
  0.003911   0.004694   0.001301
  0.068722  -0.055597   0.008490
  0.000502   0.001498  -0.001623
  0.026299  -0.004862   0.021458
 -0.010342   0.002037  -0.004163
 -0.299001  -0.044069  -0.030960
 -0.003568   0.001602   0.000998
  0.128472   0.012655  -0.052221
  0.001514  -0.000957  -0.000330
  0.000841  -0.000412  -0.000247
  0.002882   0.004725   0.002430
  0.006444  -0.011011   0.001506
  0.000070  -0.000337   0.000325
  0.000054  -0.000344   0.000217
  0.000289  -0.000348   0.000716
  0.001311   0.001492   0.000556
  0.075193   0.091966   0.051798
 -0.004706  -0.001502   0.004358
  0.003494   0.002469  -0.002290
 -0.001109  -0.002112  -0.001068
  0.000021   0.000269  -0.001155
  0.000278   0.000087  -0.000427
  0.001264  -0.001133   0.007369
 -0.001323   0.002797  -0.014564
    8    2  0.0000  0.0200  0.0000
 -0.000401  -0.007114   0.009234
 -0.001126   0.000805   0.000791
  0.008223  -0.001061  -0.004901
 -0.066717   0.120847  -0.013051
  0.001172  -0.002221   0.001742
 -0.002066   0.029882  -0.018028
 -0.002100   0.008131   0.001261
 -0.044064  -0.360661  -0.048324
  0.001465  -0.001149  -0.001069
  0.022089   0.027596  -0.010096
 -0.000969  -0.000127   0.000302
 -0.000398   0.000198   0.000025
  0.000061  -0.000187  -0.000147
  0.003533  -0.006068   0.000592
  0.000493  -0.001237   0.000264
 -0.000364   0.000409  -0.000434
 -0.000517   0.000614  -0.001085
  0.002547   0.004609   0.002101
  0.092220   0.181590   0.089567
  0.001524   0.000237  -0.000092
 -0.013746  -0.001356   0.005746
  0.001294   0.002896   0.001625
  0.000318   0.000070  -0.000373
  0.000110  -0.000090  -0.000230
 -0.002197   0.002753  -0.013046
 -0.000383   0.000633  -0.002372
    8    3  0.0000  0.0000  0.0200
  0.003246   0.004623   0.003517
  0.001919   0.000507  -0.003699
  0.005068  -0.003046  -0.007151
  0.005731  -0.007043   0.028978
 -0.002046   0.001608  -0.001835
  0.016672  -0.030425   0.145687
 -0.005285   0.003496  -0.003572
 -0.031067  -0.048177  -0.290718
  0.001247  -0.000632   0.001253
 -0.044325  -0.004396   0.045779
 -0.000263   0.000506  -0.000038
 -0.000291   0.000051  -0.000031
  0.001307   0.002374   0.001829
 -0.003284   0.006046  -0.001146
  0.008899  -0.013517   0.000381
  0.000276  -0.000466   0.000517
  0.000664  -0.001216   0.000476
 -0.001615  -0.002520  -0.001338
  0.051808   0.089330   0.071794
 -0.012454  -0.001992   0.005468
  0.002680  -0.000288  -0.000603
  0.002261   0.003844   0.002816
 -0.001135  -0.000412   0.001545
 -0.000409  -0.000231   0.000795
 -0.001871   0.002364  -0.002444
  0.002267  -0.000388   0.001740
    9    1  0.0200  0.0000  0.0000
 -0.003225   0.002334   0.001375
 -0.001295  -0.000340   0.006201
  0.068515  -0.055716   0.005213
  0.003785   0.005782   0.000890
 -0.007791   0.001511  -0.005514
  0.001144  -0.000163   0.000074
  0.128766   0.009291  -0.046971
 -0.003487   0.001390   0.001148
 -0.296349  -0.044867  -0.042211
 -0.010980   0.001760  -0.004934
  0.076025   0.094814   0.048985
  0.026653  -0.005476   0.031666
  0.003272   0.002531  -0.001941
 -0.001072  -0.002192  -0.000673
 -0.000425  -0.001472  -0.000434
  0.000440  -0.001709   0.005532
  0.001021  -0.000332   0.001615
  0.001802  -0.001233  -0.000406
  0.001664  -0.000932  -0.000459
  0.001281   0.000403   0.000635
  0.002928   0.004793   0.002255
  0.006551  -0.010782   0.001943
  0.000436   0.000296  -0.001020
  0.000141   0.000682  -0.002711
 -0.000005  -0.000522   0.000073
  0.000205   0.000148  -0.000331
    9    2  0.0000  0.0200  0.0000
  0.002263   0.000010   0.000151
  0.001088  -0.000527  -0.006678
 -0.067318   0.119217  -0.010403
  0.008119  -0.001849  -0.006761
  0.001853  -0.000836  -0.000284
 -0.000245   0.000779   0.000301
  0.021262   0.027352  -0.009744
  0.001670  -0.001141  -0.000629
 -0.044993  -0.377374  -0.010783
 -0.001766   0.009100   0.000063
  0.093256   0.188614   0.081986
 -0.003118   0.040607  -0.051378
 -0.013326  -0.000925   0.006105
  0.001427   0.003448   0.001972
 -0.000648   0.000188   0.000261
 -0.000325   0.000472  -0.000546
  0.000022   0.000558   0.000378
 -0.001052  -0.000055   0.000416
 -0.001107   0.000028   0.000246
 -0.000672  -0.001194  -0.000534
  0.000246   0.000013   0.000415
  0.003537  -0.005542   0.000973
  0.000047   0.000202   0.001399
  0.000143  -0.000799   0.003073
 -0.000075  -0.000031  -0.000117
 -0.000290  -0.000315   0.000117
    9    3  0.0000  0.0000  0.0200
  0.001169   0.000630  -0.000205
  0.007590  -0.012374  -0.004104
  0.010622  -0.016051   0.029434
  0.006390  -0.003048  -0.007172
 -0.011868  -0.002668   0.003877
  0.000072   0.000347   0.001147
 -0.050527  -0.004695   0.045777
  0.001012  -0.001067   0.001245
 -0.042210  -0.010537  -0.428205
 -0.005889   0.005079  -0.003620
  0.053548   0.091764   0.076023
  0.026447  -0.061003   0.273919
  0.003843  -0.000488  -0.000713
  0.002093   0.003939   0.002194
 -0.000158   0.000540   0.001162
  0.000860  -0.000657   0.003470
  0.000551   0.000542  -0.000449
 -0.000454   0.000070  -0.000097
 -0.000334   0.000626  -0.000242
  0.000247  -0.000331   0.000938
  0.001297   0.002486   0.001645
 -0.003967   0.006838  -0.000857
 -0.000391   0.000974   0.000013
  0.000337  -0.000860   0.005512
 -0.000144   0.000066  -0.000403
 -0.000137  -0.000123  -0.000291
   10    1  0.0200  0.0000  0.0000
 -0.002767  -0.003081   0.000215
 -0.001148  -0.001670   0.005219
  0.056393   0.043476   0.023586
  0.005298  -0.004473  -0.002287
  0.001146   0.000148   0.000182
 -0.007827   0.000098  -0.005651
 -0.003210  -0.002038   0.000478
  0.128425   0.022116  -0.044383
 -0.011179  -0.001766  -0.005885
 -0.309022   0.066821  -0.019971
  0.003602  -0.004947   0.000184
  0.001289  -0.000321   0.000407
  0.001452   0.001229  -0.000008
 -0.000977   0.001628   0.000370
 -0.000635   0.001424   0.000230
  0.000186   0.000044  -0.000367
 -0.000057   0.000491   0.000285
  0.001576   0.001476   0.000213
  0.002216  -0.001375  -0.002144
  0.027221  -0.008259   0.031021
  0.100069  -0.120530   0.007687
  0.005653   0.009996   0.006592
  0.000252   0.000431  -0.002287
  0.000501   0.000071  -0.000947
  0.001094  -0.000312   0.001599
  0.000450  -0.000674   0.005663
   10    2  0.0000  0.0200  0.0000
 -0.002761  -0.000269   0.000027
 -0.003364  -0.008943   0.005225
  0.051949   0.104617   0.043849
 -0.008868  -0.007948   0.006699
  0.000179   0.001059  -0.000345
  0.002583  -0.000647  -0.002508
 -0.001984  -0.001742  -0.000566
  0.012667   0.027595  -0.004415
  0.001843   0.009160   0.004991
  0.067093  -0.380416   0.025538
 -0.000562   0.000689  -0.000527
  0.000751  -0.001168  -0.000309
  0.001217   0.000538   0.000021
 -0.002932   0.005355  -0.000518
  0.000500   0.000850  -0.000497
  0.000342  -0.000276  -0.000131
  0.000128  -0.000065   0.000269
  0.001265   0.000364  -0.000284
  0.010724   0.002156  -0.005271
 -0.008000   0.036462  -0.052663
 -0.121378   0.210412  -0.011553
 -0.000800  -0.000923  -0.000728
 -0.000319   0.001103  -0.005388
  0.000037   0.001056  -0.001037
 -0.000197   0.000592   0.000302
 -0.000113   0.000389  -0.000180
   10    3  0.0000  0.0000  0.0200
  0.000125  -0.000474  -0.000440
  0.005187   0.011025   0.003965
  0.032626   0.050206   0.056256
  0.002244   0.003502  -0.002564
  0.000207  -0.000361   0.000861
 -0.011814  -0.000828   0.003767
  0.000140  -0.000173   0.001496
 -0.052105  -0.010096   0.045765
 -0.004846   0.000061  -0.003627
 -0.020101   0.025639  -0.412192
  0.001433  -0.002583   0.000293
  0.000584  -0.000572   0.000907
  0.000239  -0.000319  -0.000539
  0.001543  -0.002254   0.000211
  0.000180  -0.000725   0.000691
  0.000005   0.000111  -0.000324
 -0.000095   0.000060  -0.000334
  0.000064   0.000064  -0.000298
  0.008957   0.002302  -0.002732
  0.024405  -0.044004   0.277527
  0.013592  -0.020820   0.030304
 -0.004035  -0.007531  -0.004584
  0.000292  -0.001107   0.003525
 -0.000283  -0.000535  -0.000898
  0.000537   0.000023  -0.000585
  0.000919  -0.000612   0.003549
   11    1  0.0200  0.0000  0.0000
  0.000736  -0.000385  -0.000339
  0.000186   0.000391  -0.001141
 -0.004637  -0.006452  -0.003792
  0.002894  -0.003701  -0.004833
  0.000995  -0.000267   0.001710
 -0.000254   0.000164   0.000301
  0.002178   0.011727   0.008206
  0.001501  -0.000911  -0.000213
  0.076052   0.092979   0.053532
  0.003460  -0.000500   0.001449
 -0.080767  -0.097988  -0.054674
  0.001015   0.002709  -0.000218
 -0.000162  -0.000369  -0.000118
  0.000916   0.002714   0.001324
 -0.000207   0.000441   0.000336
 -0.000278   0.000077  -0.000650
 -0.000331   0.000013  -0.000638
 -0.000430   0.000202   0.000088
 -0.000823   0.000492   0.000113
 -0.000426  -0.000081  -0.000203
 -0.001188  -0.001646  -0.000603
 -0.000082   0.000455  -0.000055
 -0.000118  -0.000026   0.000251
 -0.000087  -0.000084   0.000328
 -0.000048   0.000093  -0.000196
 -0.000096  -0.000048   0.000034
   11    2  0.0000  0.0200  0.0000
 -0.000482   0.000122  -0.000122
  0.000049   0.000334   0.001716
  0.010477   0.006773   0.006125
  0.000155  -0.000347  -0.000827
  0.000216   0.000494   0.000172
  0.000305  -0.000067   0.000404
 -0.001338   0.001953   0.001927
 -0.000872  -0.000056   0.000632
  0.094820   0.188395   0.091991
 -0.005155   0.000678  -0.002698
 -0.098129  -0.195648  -0.093557
 -0.002144  -0.002754  -0.004867
  0.000341  -0.000372  -0.000178
  0.000025  -0.000189   0.000237
  0.000057  -0.000033  -0.000009
 -0.000019  -0.000199  -0.000077
 -0.000029  -0.000171  -0.000244
  0.000220  -0.000091  -0.000006
  0.000462  -0.000023  -0.000281
  0.000387   0.000075   0.000220
  0.001395   0.001672   0.001031
 -0.000505  -0.000301  -0.000108
 -0.000061  -0.000066  -0.000592
 -0.000127  -0.000143  -0.000594
  0.000036  -0.000092  -0.000111
 -0.000085   0.000055  -0.000184
   11    3  0.0000  0.0000  0.0200
 -0.000217   0.000016  -0.000128
 -0.000479   0.000740   0.000515
 -0.000111  -0.001738  -0.000444
 -0.001467   0.000910   0.001850
  0.000698   0.000274  -0.000473
  0.000074   0.000031  -0.000096
 -0.002437  -0.005067  -0.002602
 -0.000284   0.000348  -0.000014
  0.048864   0.081807   0.076114
  0.000115  -0.000513   0.000237
 -0.054684  -0.093557  -0.081234
  0.010104   0.017804   0.008867
  0.000179   0.000190  -0.000171
 -0.000600  -0.000915  -0.000622
 -0.000023  -0.000152  -0.000375
 -0.000094   0.000061  -0.000185
  0.000003   0.000005  -0.000003
  0.000091  -0.000019   0.000070
  0.000148  -0.000149  -0.000043
 -0.000039  -0.000043  -0.000348
  0.000151  -0.000131  -0.000281
 -0.000037   0.000120  -0.000141
  0.000048   0.000020  -0.000134
  0.000023   0.000017  -0.000409
  0.000022  -0.000059   0.000041
 -0.000049   0.000001   0.000011
   12    1  0.0200  0.0000  0.0000
  0.001520  -0.000916  -0.000474
  0.001945  -0.002178  -0.003084
 -0.000605  -0.000232   0.009455
 -0.000578  -0.001460  -0.000864
  0.005634  -0.000342   0.002211
 -0.000351   0.000077   0.000034
 -0.004906   0.003307  -0.012008
  0.000776  -0.000369  -0.000239
  0.026780  -0.003138   0.026402
  0.001232   0.000787   0.000593
  0.000904  -0.002114   0.010112
 -0.028888   0.005030  -0.031325
  0.000001  -0.000209   0.000204
  0.000107   0.000417   0.000300
  0.000075   0.000387   0.000255
 -0.000504   0.000982  -0.002897
 -0.000548   0.000012  -0.000525
 -0.000912   0.000536   0.000198
 -0.000414   0.000202   0.000109
 -0.000379  -0.000246  -0.000260
 -0.000378  -0.000417  -0.000246
  0.000031   0.000207  -0.000419
 -0.000220   0.000159   0.000281
 -0.000247  -0.000598   0.002160
  0.000010   0.000174   0.000002
 -0.000084  -0.000057   0.000025
   12    2  0.0000  0.0200  0.0000
 -0.000958  -0.000099   0.000190
 -0.002470   0.003475   0.003700
  0.001269   0.000217  -0.013474
 -0.000400   0.000290   0.000196
  0.000640   0.000258   0.000232
  0.000033  -0.000318  -0.000216
 -0.001116   0.000613  -0.001582
 -0.000385   0.000174   0.000170
 -0.005460   0.040442  -0.060694
 -0.000417  -0.001198  -0.000574
  0.002846  -0.002549   0.018004
  0.004843  -0.040626   0.056592
  0.000271  -0.000260   0.000001
  0.000034  -0.000275  -0.000052
  0.000078  -0.000058   0.000004
  0.000099  -0.000275  -0.000201
 -0.000036  -0.000189  -0.000206
  0.000512  -0.000005  -0.000126
  0.000247  -0.000037  -0.000044
  0.000270   0.000241   0.000330
  0.000101   0.000106   0.000192
 -0.000133  -0.000192   0.000481
  0.000107  -0.000249  -0.000466
 -0.000129   0.000349  -0.002523
  0.000066   0.000020   0.000035
  0.000088   0.000146   0.000030
   12    3  0.0000  0.0000  0.0200
 -0.000243   0.000527  -0.000049
  0.000198  -0.000440  -0.000771
 -0.002020   0.002146   0.002248
 -0.000021   0.000676   0.001306
 -0.002592   0.000258  -0.001627
  0.000282   0.000251   0.000281
  0.004560  -0.001673   0.005168
 -0.000275   0.000026  -0.000046
  0.031688  -0.051532   0.273922
  0.000407  -0.000358   0.000908
 -0.000483  -0.004998   0.008507
 -0.031440   0.056815  -0.287874
 -0.000347   0.000188  -0.000240
 -0.000206  -0.000311  -0.000459
 -0.000164  -0.000228  -0.000520
  0.000328  -0.000376   0.000967
  0.000128  -0.000034  -0.000021
  0.000131  -0.000266   0.000005
  0.000051  -0.000105  -0.000119
 -0.000113  -0.000063  -0.000568
 -0.000054  -0.000140  -0.000380
  0.000317  -0.000240  -0.000324
 -0.000002   0.000018  -0.000110
 -0.000015   0.000087   0.000040
 -0.000061  -0.000152  -0.000112
 -0.000056  -0.000077  -0.000134
   13    1  0.0200  0.0000  0.0000
 -0.000130   0.000897   0.000871
  0.000192  -0.000261  -0.001296
  0.002078   0.005312  -0.002641
 -0.004016   0.006106  -0.000976
  0.001674  -0.001570  -0.002008
  0.000087   0.000263   0.000748
  0.098884  -0.118947   0.012339
  0.002723   0.000004   0.001209
  0.003224  -0.013365   0.003996
  0.001519   0.001135   0.000262
  0.000042   0.000529   0.000529
 -0.000061   0.000235  -0.000980
 -0.104261   0.123362  -0.012871
  0.000014  -0.000367  -0.000353
 -0.000156  -0.000263   0.000212
 -0.000133  -0.000029   0.000419
 -0.000143   0.000057   0.000007
 -0.000213  -0.000520  -0.000196
 -0.001151   0.001556   0.000085
 -0.000323  -0.000346   0.000033
 -0.000739  -0.000552  -0.000114
  0.001262  -0.002910   0.000419
 -0.000090  -0.000153   0.000182
 -0.000077  -0.000008   0.000623
 -0.000166  -0.000045  -0.000367
 -0.000043  -0.000121  -0.000130
   13    2  0.0000  0.0200  0.0000
  0.000812  -0.000803  -0.001083
  0.000301  -0.000014  -0.000397
  0.000517   0.000611  -0.000250
 -0.010848   0.006867  -0.004321
 -0.001457   0.002902   0.003011
 -0.000144  -0.000082   0.001020
 -0.118808   0.206225  -0.018709
  0.004907  -0.000211   0.002515
  0.002563  -0.000974  -0.000522
  0.001106   0.000624  -0.000391
 -0.000313  -0.000258   0.000199
 -0.000138  -0.000183   0.000044
  0.123261  -0.214940   0.019554
  0.000594  -0.000173  -0.000014
  0.000364  -0.000186   0.000464
  0.000170  -0.000133  -0.000204
 -0.000077  -0.000301  -0.000450
 -0.000493   0.000165   0.000165
 -0.001679   0.001860  -0.000305
 -0.000282  -0.000082   0.000054
 -0.000574  -0.000256   0.000121
  0.000573  -0.000795  -0.000143
 -0.000102   0.000061   0.000078
 -0.000131  -0.000068   0.000202
 -0.000074   0.000094  -0.000453
 -0.000050   0.000052  -0.000184
   13    3  0.0000  0.0000  0.0200
 -0.002203   0.003406   0.005160
 -0.001110  -0.000650   0.001542
 -0.000915  -0.002254   0.001654
 -0.005188   0.004822  -0.000996
  0.007901  -0.012374  -0.003162
  0.000888   0.000896   0.001492
  0.012395  -0.018796   0.023852
  0.002528  -0.000113   0.001762
 -0.001909   0.006169  -0.000781
 -0.000009   0.000006  -0.000570
 -0.000175  -0.000206  -0.000182
  0.000195   0.000005  -0.000055
 -0.012765   0.019246  -0.026212
  0.000283   0.000091  -0.000112
 -0.000032  -0.000369   0.000053
 -0.000449   0.000016   0.000044
  0.000122   0.000513  -0.000146
  0.002047  -0.003005   0.000033
 -0.000772   0.001478  -0.000623
  0.000013   0.000020  -0.000005
 -0.000117   0.000144   0.000163
 -0.000984   0.001300  -0.000668
  0.000213   0.000110  -0.000329
  0.000582   0.000196  -0.000789
 -0.000351  -0.000481  -0.000746
 -0.000190  -0.000169  -0.000377
   14    1  0.0200  0.0000  0.0000
 -0.000024  -0.000095   0.000137
  0.000082   0.000115  -0.000440
 -0.000122  -0.000027  -0.000559
  0.260288   0.036737  -0.109291
  0.000420   0.000243  -0.000691
  0.000406   0.000046  -0.000913
  0.005495  -0.001013  -0.003597
  0.006451   0.003647  -0.003412
 -0.001119   0.001512   0.002178
 -0.001074  -0.002975   0.001588
  0.000864   0.000032  -0.000582
  0.000121  -0.000045  -0.000149
 -0.000149   0.000499   0.000139
 -0.267572  -0.037762   0.112551
 -0.004922  -0.000642   0.001920
 -0.000199  -0.000088   0.000410
 -0.000112  -0.000004   0.000256
  0.000034   0.000003   0.000059
 -0.000111  -0.000506  -0.000000
  0.000163   0.000169  -0.000193
  0.001181   0.000362  -0.000609
  0.000172   0.000036   0.000261
  0.000010  -0.000096   0.000121
 -0.000009   0.000037   0.000129
 -0.000127  -0.000074   0.000267
 -0.000147  -0.000110   0.000419
   14    2  0.0000  0.0200  0.0000
 -0.000086   0.000922   0.000273
  0.000058  -0.000500  -0.000076
 -0.000062   0.002335   0.000512
  0.034372   0.034306  -0.018510
 -0.000074   0.001007  -0.001494
  0.000345  -0.000082   0.001584
  0.010561  -0.001903  -0.007043
 -0.011017  -0.006059   0.005962
 -0.002265   0.003388   0.004118
  0.001625   0.005253  -0.002338
  0.002760  -0.000136  -0.000967
  0.000426  -0.000284  -0.000365
 -0.000313  -0.000140   0.000026
 -0.038486  -0.033941   0.019634
  0.004803  -0.000419  -0.002171
  0.000027  -0.000262   0.000474
  0.000105  -0.000267   0.000585
  0.000051  -0.000508  -0.000169
  0.000482  -0.000134  -0.000002
 -0.000414  -0.000496   0.000352
 -0.002873  -0.000711   0.000861
  0.000012  -0.001352  -0.000275
 -0.000064  -0.000003  -0.000146
  0.000044   0.000026   0.000108
 -0.000070   0.000008  -0.000446
  0.000053  -0.000047  -0.000489
   14    3  0.0000  0.0000  0.0200
  0.000084   0.000219  -0.000127
 -0.000010  -0.000083  -0.000195
 -0.000127   0.000540  -0.000224
 -0.097970  -0.017638   0.084497
 -0.000609  -0.000600  -0.000583
 -0.000640   0.000727   0.000435
  0.006252  -0.000704  -0.004435
  0.001385   0.000541  -0.001164
 -0.000700   0.001902   0.002174
  0.000319  -0.000515   0.000099
  0.001395   0.000306  -0.000631
  0.000308  -0.000016  -0.000486
 -0.000295   0.000080  -0.000127
  0.112619   0.019239  -0.087071
 -0.022346  -0.003552   0.009165
  0.000020  -0.000024   0.000031
 -0.000014   0.000099  -0.000195
 -0.000029  -0.000129   0.000032
 -0.000077  -0.000001  -0.000124
  0.000124   0.000024  -0.000244
  0.000110  -0.000110  -0.000298
  0.000184  -0.000308   0.000046
  0.000010   0.000007   0.000026
  0.000018  -0.000012   0.000066
 -0.000055   0.000021  -0.000474
  0.000042  -0.000011  -0.000192
   15    1  0.0200  0.0000  0.0000
 -0.000562  -0.000213   0.000145
 -0.000322  -0.000046   0.000241
 -0.000020  -0.000083   0.000077
  0.042991  -0.009028   0.045390
  0.000988   0.002544  -0.001025
  0.001430  -0.002177  -0.002439
  0.000191  -0.003453   0.006551
 -0.000000   0.000570   0.008877
 -0.000493  -0.000602  -0.000124
 -0.000715   0.000458   0.000176
 -0.000187   0.000084   0.000027
  0.000074   0.000072  -0.000128
 -0.000196   0.000373  -0.000076
 -0.004773   0.004597  -0.022288
 -0.038377   0.007793  -0.038462
 -0.000216  -0.000173   0.000374
 -0.000002  -0.000229   0.001226
  0.000318   0.000077   0.000079
 -0.000174  -0.000284  -0.000251
  0.000119   0.000018  -0.000163
 -0.000135  -0.000079  -0.000031
  0.000029   0.000044  -0.000054
  0.000102  -0.000010  -0.000066
  0.000077   0.000049  -0.000054
  0.000080  -0.000304   0.001525
 -0.000227   0.000005   0.000473
   15    2  0.0000  0.0200  0.0000
 -0.000128   0.002332   0.000518
  0.000032  -0.000478  -0.000137
 -0.000101   0.000926   0.000237
 -0.006666   0.040045  -0.055518
  0.001363   0.005026  -0.002312
 -0.001966   0.003509   0.004535
  0.000620  -0.006373   0.011414
 -0.000408  -0.001316  -0.013604
 -0.001498   0.000106   0.000607
  0.001366   0.000857  -0.000791
  0.000429  -0.000024  -0.000159
  0.000355  -0.000086  -0.000244
 -0.000242  -0.000137  -0.000345
 -0.000198  -0.000378  -0.003728
  0.007726  -0.039975   0.059135
 -0.000080  -0.000500   0.000526
  0.000840  -0.000895   0.002749
  0.000059  -0.001348  -0.000254
  0.000180  -0.000135   0.000346
 -0.000438  -0.000248   0.000333
 -0.000560  -0.000208   0.000267
  0.000037  -0.000519  -0.000114
 -0.000150  -0.000007   0.000042
  0.000121  -0.000008   0.000002
 -0.000780   0.000102  -0.002915
  0.000088  -0.000267  -0.000589
   15    3  0.0000  0.0000  0.0200
 -0.000243   0.000539   0.000049
 -0.000223  -0.000156   0.000162
  0.000082   0.000267  -0.000117
  0.034534  -0.056250   0.296158
  0.000646   0.002334  -0.001502
  0.000065   0.000137  -0.000453
  0.000598  -0.003180   0.005267
  0.000266   0.000272   0.000368
 -0.000446   0.000268   0.001158
  0.000235  -0.000449   0.000696
  0.000343   0.000085  -0.000364
  0.000259   0.000080  -0.000517
 -0.000005   0.000393  -0.000159
  0.001778  -0.001890   0.008184
 -0.038718   0.058841  -0.308310
 -0.000002  -0.000129   0.000012
  0.000236  -0.000450   0.000909
  0.000143  -0.000293  -0.000031
  0.000102  -0.000449  -0.000205
  0.000085   0.000063  -0.000396
  0.000150   0.000008  -0.000284
  0.000054  -0.000104  -0.000065
  0.000046   0.000012  -0.000083
  0.000121   0.000019  -0.000082
 -0.000103   0.000045  -0.000210
 -0.000003  -0.000013  -0.000186
   16    1  0.0200  0.0000  0.0000
  0.006313   0.005388  -0.005869
 -0.001022  -0.003550   0.002087
  0.000239  -0.000426   0.000857
  0.000378  -0.000113  -0.000577
  0.230299   0.035343  -0.102703
  0.001504   0.000548   0.000481
 -0.001356  -0.000746   0.002169
  0.000074  -0.000376   0.000275
  0.000532  -0.000332   0.000866
  0.000191   0.000371   0.000006
 -0.000294  -0.000001  -0.000021
 -0.000728   0.000032   0.000334
 -0.000322   0.000203  -0.000228
 -0.000300  -0.000035   0.000062
 -0.000244  -0.000007  -0.000013
 -0.242391  -0.035114   0.110400
  0.007898  -0.000925  -0.006291
 -0.000323  -0.000252   0.000354
 -0.000158   0.000075  -0.000172
 -0.000110  -0.000128  -0.000126
 -0.000106  -0.000035  -0.000008
 -0.000172   0.000236  -0.000451
 -0.000017   0.000184  -0.000163
  0.001275   0.000439  -0.001080
 -0.000471  -0.000404  -0.000137
 -0.000690  -0.000375  -0.000053
   16    2  0.0000  0.0200  0.0000
 -0.010519  -0.003909   0.007079
  0.000727   0.004822  -0.002425
 -0.000460   0.000639  -0.001016
  0.000288   0.001220  -0.000391
  0.028619   0.031139  -0.010910
 -0.000212  -0.001308  -0.000580
  0.003426   0.000002  -0.000167
 -0.000306   0.000374  -0.000440
 -0.001814   0.000356  -0.000696
  0.000042  -0.000304   0.000094
  0.000056  -0.000230   0.000066
  0.000993  -0.000290  -0.000341
 -0.000012  -0.000181  -0.000003
 -0.000028  -0.000281  -0.000058
 -0.000186  -0.000569  -0.000092
 -0.035723  -0.033131   0.015534
  0.016510   0.002862  -0.007936
  0.000380  -0.000145  -0.000488
  0.000170  -0.000146   0.000281
  0.000010   0.000074   0.000166
 -0.000003  -0.000023  -0.000000
  0.000244  -0.000412   0.000570
 -0.000327  -0.000516   0.000201
 -0.002307  -0.000408   0.001346
  0.000088   0.000139   0.000064
  0.000345   0.000225   0.000143
   16    3  0.0000  0.0000  0.0200
  0.001971  -0.000712  -0.000379
 -0.000223  -0.000551   0.000635
  0.000420  -0.001270   0.000576
 -0.001004  -0.001655  -0.000388
 -0.109861  -0.015562   0.079430
  0.000151   0.000194   0.000619
 -0.014605  -0.000024   0.002038
  0.000358  -0.000355   0.000439
  0.005695  -0.000510   0.003433
 -0.000348  -0.000093  -0.000302
 -0.000631  -0.000029  -0.000151
 -0.002790  -0.000129   0.001138
  0.000371  -0.000201  -0.000013
  0.000273   0.000490   0.000114
  0.000370   0.000498   0.000087
  0.110430   0.015256  -0.081960
  0.009550   0.003199  -0.003415
 -0.000184   0.000281  -0.000131
 -0.000131   0.000232  -0.000211
  0.000042   0.000080  -0.000080
  0.000077   0.000143   0.000110
 -0.000285   0.000680  -0.000351
 -0.000042   0.000074  -0.000126
  0.000429   0.000001  -0.000677
 -0.000044  -0.000090  -0.000267
  0.000012   0.000053  -0.000169
   17    1  0.0200  0.0000  0.0000
 -0.004491  -0.006213  -0.004327
 -0.000729   0.000595   0.000264
 -0.000009  -0.000336   0.000293
 -0.000416  -0.001714   0.000431
  0.078274   0.087751   0.045593
  0.003092  -0.000772   0.001394
  0.001000   0.002935  -0.000631
  0.000259  -0.000442   0.000633
  0.001117  -0.000013   0.000611
 -0.000081   0.000178  -0.000068
 -0.000352  -0.000022   0.000051
 -0.000600  -0.000039   0.000133
 -0.000147  -0.000090   0.000133
 -0.000222   0.000091  -0.000007
  0.000034   0.000848   0.000245
  0.008940   0.016324   0.009168
 -0.083950  -0.098045  -0.052808
 -0.000153   0.000287   0.000399
 -0.000234   0.000240  -0.000349
  0.000002  -0.000005  -0.000101
 -0.000052  -0.000043   0.000015
 -0.000042   0.000182  -0.000192
  0.000135   0.000101  -0.000059
  0.000025  -0.000099   0.000047
 -0.000784  -0.001503  -0.000784
 -0.000612  -0.000196  -0.000086
   17    2  0.0000  0.0200  0.0000
  0.009347   0.006496   0.007844
  0.001409   0.001199  -0.000849
 -0.000424   0.000325  -0.000439
 -0.000036   0.001305  -0.000946
  0.094909   0.185680   0.090159
 -0.005165   0.000625  -0.002725
 -0.001632  -0.002020  -0.002420
 -0.000331   0.000647  -0.001196
 -0.000313   0.000465   0.000569
  0.000471  -0.000040   0.000085
 -0.000036  -0.000264  -0.000024
  0.000041  -0.000207  -0.000061
  0.000139  -0.000404   0.000340
 -0.000013  -0.000285   0.000058
 -0.000216  -0.001038  -0.000518
 -0.000536   0.002488   0.002966
 -0.097973  -0.194745  -0.095605
 -0.000289  -0.000323  -0.000353
  0.000210  -0.000360   0.000598
 -0.000182  -0.000044   0.000134
 -0.000023  -0.000112  -0.000008
  0.000126  -0.000239   0.000223
 -0.000529  -0.000346   0.000226
 -0.000603  -0.000402   0.000234
  0.001280   0.001596   0.001439
  0.000369   0.000001   0.000267
   17    3  0.0000  0.0000  0.0200
 -0.000049  -0.001892  -0.000276
 -0.000204  -0.000232   0.000708
  0.000208  -0.000420   0.000467
 -0.001526  -0.005530   0.003562
  0.052354   0.095283   0.076706
  0.000579  -0.000061   0.000810
  0.005726   0.013924   0.002606
  0.000768  -0.001084   0.000466
  0.001586   0.000376  -0.000451
  0.000286   0.000289  -0.000329
 -0.000633  -0.000268  -0.000017
 -0.000415  -0.000158  -0.000018
 -0.000058  -0.000436  -0.000339
  0.000210   0.000530  -0.000235
  0.001149   0.002570   0.000913
 -0.006296  -0.008104  -0.003603
 -0.052541  -0.095347  -0.078640
 -0.000197   0.000214  -0.000278
 -0.000365   0.000567  -0.000299
 -0.000069  -0.000044  -0.000048
 -0.000247   0.000038   0.000079
 -0.000212   0.000173  -0.000237
 -0.000046  -0.000040  -0.000223
  0.000147   0.000021  -0.000333
 -0.000188  -0.000410  -0.000725
  0.000034   0.000041  -0.000266
   18    1  0.0200  0.0000  0.0000
  0.033502  -0.008350   0.040242
 -0.006455   0.002822  -0.014679
  0.005629  -0.000355   0.002905
 -0.000776  -0.000374   0.000535
 -0.000062   0.000453   0.009425
  0.000156  -0.003708   0.007006
  0.001699  -0.001846  -0.003088
  0.001269   0.002667  -0.001654
  0.001793  -0.001057  -0.000383
  0.001459   0.001263   0.000117
 -0.000426   0.000242   0.000131
 -0.000949   0.000493   0.000133
 -0.000210  -0.000538   0.002085
 -0.000024   0.000054   0.000004
  0.000370   0.000104   0.000220
 -0.000193   0.000491  -0.000186
 -0.000267  -0.000500  -0.000331
 -0.033136   0.008712  -0.041807
 -0.000322  -0.000316   0.001742
 -0.000798  -0.000553  -0.000144
 -0.000364  -0.000278   0.000003
 -0.000670   0.000765  -0.003441
 -0.000404   0.000153   0.000756
 -0.000428  -0.000461   0.000649
 -0.000157   0.000411   0.000053
 -0.000236  -0.000294  -0.000289
   18    2  0.0000  0.0200  0.0000
 -0.008343   0.038026  -0.055172
 -0.001012   0.000670  -0.002328
  0.000909   0.000318   0.000495
 -0.000163   0.002644   0.000595
  0.000503  -0.000497  -0.013588
 -0.000121  -0.005813   0.011732
 -0.001970   0.003020   0.004408
  0.001493   0.004546  -0.002535
 -0.001256  -0.000104   0.000065
  0.001410   0.000379  -0.000002
  0.000188  -0.000055  -0.000051
  0.000524   0.000032  -0.000267
 -0.000509   0.000199  -0.002965
  0.000051  -0.000488  -0.000134
  0.000076  -0.001332  -0.000278
 -0.000359  -0.000134   0.000260
  0.000356  -0.000151   0.000279
  0.008480  -0.039018   0.057529
  0.000563  -0.000853   0.002896
 -0.000627  -0.000274   0.000174
 -0.000228  -0.000143  -0.000041
 -0.000080  -0.000522  -0.000613
 -0.000270  -0.000039   0.000321
  0.000516  -0.000092  -0.000126
 -0.000395  -0.000167  -0.000303
  0.000266  -0.000149  -0.000352
   18    3  0.0000  0.0000  0.0200
  0.040142  -0.055286   0.291284
  0.003138  -0.001275   0.006838
 -0.002564   0.000173  -0.001177
 -0.000188   0.000566   0.000055
 -0.000065   0.000137   0.000569
 -0.000091  -0.002965   0.005652
 -0.000043  -0.000035  -0.000261
  0.000631   0.002153  -0.001380
 -0.000397   0.000411  -0.000034
  0.000205  -0.000307  -0.000238
  0.000074  -0.000116   0.000029
  0.000215  -0.000166   0.000023
 -0.000104   0.000180  -0.000294
  0.000054  -0.000113   0.000042
  0.000092  -0.000286  -0.000029
  0.000309  -0.000280  -0.000211
  0.000142  -0.000367  -0.000198
 -0.041699   0.057275  -0.301735
  0.000170  -0.000413   0.000912
 -0.000060   0.000088   0.000173
 -0.000027   0.000054   0.000076
  0.000469  -0.000319   0.000964
 -0.000440  -0.000152  -0.000339
 -0.000311   0.000268  -0.000358
 -0.000078   0.000421  -0.000156
  0.000425   0.000355  -0.000205
   19    1  0.0200  0.0000  0.0000
 -0.000042  -0.001081   0.000244
  0.000076   0.000690  -0.001016
  0.002503  -0.003452  -0.004552
 -0.004490  -0.006155  -0.004285
  0.000135  -0.000639   0.000701
  0.001565   0.002261  -0.000862
  0.003319  -0.000304   0.001478
  0.075224   0.092017   0.051716
  0.001678  -0.001043  -0.000226
  0.002010   0.010762   0.009124
 -0.000820   0.000487   0.000157
 -0.000401   0.000238   0.000083
 -0.001202  -0.001700  -0.000723
 -0.000108   0.000425  -0.000099
 -0.000153   0.000148   0.000211
 -0.000103   0.000164  -0.000057
 -0.000204   0.000203  -0.000342
 -0.000326   0.000544  -0.000053
 -0.078921  -0.095423  -0.053761
 -0.000081   0.000018  -0.000458
 -0.000176  -0.000413   0.000083
  0.001020   0.002593   0.001539
 -0.000036  -0.000149   0.000594
 -0.000099  -0.000006   0.000233
 -0.000149  -0.000047  -0.000084
 -0.000223  -0.000139   0.000356
   19    2  0.0000  0.0200  0.0000
  0.000063   0.001199  -0.000871
  0.000180  -0.000159  -0.000537
  0.000063  -0.000393  -0.000943
  0.010604   0.006492   0.007174
 -0.000434   0.000779  -0.001271
 -0.001535  -0.001607  -0.002404
 -0.004976   0.000397  -0.002729
  0.091988   0.181601   0.089441
 -0.000982   0.000014   0.000619
 -0.001376   0.002219   0.002300
  0.000511   0.000018  -0.000146
  0.000198  -0.000045  -0.000114
  0.001421   0.001657   0.001324
 -0.000526  -0.000313  -0.000075
 -0.000252  -0.000310  -0.000456
  0.000076  -0.000195   0.000284
  0.000281  -0.000344   0.000563
 -0.000333  -0.001099  -0.000440
 -0.095275  -0.188194  -0.092380
 -0.000023  -0.000206  -0.000218
  0.000357  -0.000449  -0.000244
  0.000121  -0.000191   0.000324
 -0.000138  -0.000053   0.000198
  0.000048  -0.000054   0.000135
  0.000044  -0.000489   0.000348
 -0.000105  -0.000276   0.000116
   19    3  0.0000  0.0000  0.0200
 -0.001871  -0.005577   0.003255
 -0.001146  -0.000218   0.001618
 -0.001162   0.001188   0.002250
 -0.000137  -0.001918   0.000110
  0.000999  -0.001086   0.000548
  0.006379   0.013867   0.001564
  0.000286  -0.000167   0.000544
  0.051683   0.089367   0.071824
 -0.000454   0.000292  -0.000234
 -0.002115  -0.005273  -0.002763
  0.000150  -0.000214  -0.000036
  0.000133  -0.000002  -0.000072
  0.000034  -0.000332  -0.000665
 -0.000003  -0.000057  -0.000172
 -0.000256   0.000301  -0.000083
 -0.000150   0.000248  -0.000215
 -0.000357   0.000583  -0.000287
  0.001725   0.002807   0.000998
 -0.053749  -0.092472  -0.075246
  0.000274  -0.000011  -0.000207
  0.000027   0.000124  -0.000213
 -0.000875  -0.001156  -0.001144
  0.000571   0.000176  -0.000817
  0.000216   0.000114  -0.000354
  0.000153  -0.000438  -0.000225
 -0.000356  -0.000145   0.000021
   20    1  0.0200  0.0000  0.0000
  0.001286   0.001149   0.000009
  0.001436   0.002979  -0.001690
 -0.000347  -0.003207   0.007333
 -0.000807   0.001515  -0.000156
 -0.000331  -0.000055  -0.000003
  0.005568  -0.000005   0.002200
  0.000642   0.000510  -0.000074
 -0.004798   0.001484  -0.012369
  0.001306  -0.000666   0.000293
  0.027169  -0.007893   0.024373
 -0.000452   0.000393  -0.000079
 -0.000376   0.000246  -0.000073
 -0.000326  -0.000286   0.000025
  0.000224  -0.000407   0.000053
  0.000136  -0.000433   0.000165
 -0.000057   0.000035   0.000035
  0.000010  -0.000176  -0.000074
 -0.000758  -0.000618   0.000007
 -0.000071   0.000044   0.000129
 -0.029160   0.008390  -0.030757
  0.001360  -0.002924   0.012321
 -0.000089  -0.000001  -0.000326
 -0.000314  -0.000353   0.001912
 -0.000229  -0.000165   0.000150
 -0.000543   0.000155  -0.000460
 -0.000477   0.000288  -0.002945
   20    2  0.0000  0.0200  0.0000
  0.001012   0.000421  -0.000141
  0.001848   0.004422  -0.001570
 -0.000211  -0.004025   0.011600
  0.000277   0.001084  -0.000450
 -0.000125  -0.000250  -0.000017
  0.001157   0.000109   0.000950
  0.000489   0.000272   0.000001
 -0.001542   0.000154  -0.002065
  0.000359  -0.001249  -0.000303
 -0.008213   0.036501  -0.043905
 -0.000076   0.000125  -0.000030
 -0.000257   0.000247  -0.000123
 -0.000302  -0.000110  -0.000002
  0.000193  -0.000539   0.000045
  0.000038  -0.000269   0.000022
 -0.000110   0.000070   0.000054
 -0.000006  -0.000016  -0.000009
 -0.000587  -0.000301   0.000051
  0.000056  -0.000082   0.000035
  0.008197  -0.038886   0.053554
 -0.002407   0.003820  -0.019042
  0.000232  -0.000104  -0.000583
  0.000215  -0.000497   0.002493
 -0.000001  -0.000531   0.000345
 -0.000101  -0.000165  -0.000020
 -0.000135  -0.000202  -0.000890
   20    3  0.0000  0.0000  0.0200
  0.000248  -0.000349  -0.000367
  0.000965   0.002767  -0.001245
 -0.001975  -0.005125   0.006348
  0.000225  -0.000807   0.000830
  0.000297  -0.000461   0.000172
 -0.002459   0.000265  -0.001422
 -0.000069   0.000083  -0.000036
  0.004353  -0.000094   0.005466
  0.000574  -0.000542   0.000941
  0.031102  -0.052809   0.277537
 -0.000125   0.000282  -0.000328
 -0.000244   0.000377  -0.000559
 -0.000075   0.000088  -0.000063
 -0.000203   0.000251  -0.000299
 -0.000211   0.000312  -0.000387
 -0.000131   0.000150  -0.000056
 -0.000093   0.000165  -0.000045
 -0.000126   0.000143   0.000180
 -0.000379  -0.000222  -0.000338
 -0.030526   0.053403  -0.289782
 -0.001839   0.002643   0.001957
  0.000299   0.000325  -0.000405
  0.000024  -0.000426   0.001003
 -0.000023  -0.000185   0.000020
  0.000128  -0.000068   0.000013
  0.000264  -0.000166   0.000865
   21    1  0.0200  0.0000  0.0000
  0.000685   0.000496  -0.000057
  0.000317   0.000085  -0.001116
 -0.004190   0.006039  -0.000576
  0.002279   0.005521  -0.002787
 -0.000223  -0.000292   0.000273
  0.000925  -0.000436   0.001578
  0.001268   0.001091   0.000214
  0.003564  -0.013793   0.002682
  0.003030   0.000249   0.001260
  0.100121  -0.121188   0.013623
 -0.001287   0.001345   0.000115
 -0.000408   0.000096   0.000008
 -0.000678  -0.000604  -0.000098
  0.001128  -0.002763   0.000129
 -0.000176  -0.000514   0.000200
 -0.000067   0.000033   0.000025
 -0.000076  -0.000053  -0.000242
 -0.000409  -0.000211  -0.000074
 -0.000270   0.000401   0.000099
  0.001165  -0.002001  -0.002194
 -0.105482   0.126435  -0.012379
 -0.000217  -0.000341  -0.000138
 -0.000151  -0.000087   0.000334
 -0.000202   0.000018   0.000207
 -0.000388   0.000303  -0.000556
 -0.000259   0.000173  -0.000529
   21    2  0.0000  0.0200  0.0000
  0.000527   0.000223   0.000116
 -0.000071   0.001296  -0.001447
 -0.010514   0.006950  -0.002809
  0.000764   0.000875  -0.000320
 -0.000320   0.000041  -0.000371
 -0.000372   0.000516   0.000470
  0.001090   0.000406  -0.000358
  0.002424  -0.001366  -0.000292
  0.004747  -0.000047   0.002544
 -0.120621   0.210423  -0.020874
 -0.001537   0.001749  -0.000099
 -0.000384   0.000055  -0.000190
 -0.000599  -0.000234   0.000139
  0.000468  -0.000921  -0.000153
 -0.000031  -0.000276   0.000058
 -0.000005  -0.000060   0.000216
  0.000015  -0.000096   0.000046
 -0.000234  -0.000196   0.000033
 -0.000327  -0.000346   0.000074
 -0.002545   0.003428   0.002545
  0.126491  -0.220774   0.019574
  0.000595  -0.000290  -0.000019
  0.000180  -0.000379   0.000628
  0.000136  -0.000440   0.000523
  0.000097  -0.000327   0.000018
  0.000025  -0.000210  -0.000051
   21    3  0.0000  0.0000  0.0200
  0.000013   0.000047  -0.000043
 -0.000359  -0.000441  -0.000454
 -0.005052   0.004883  -0.001048
 -0.001215  -0.001754   0.001333
 -0.000043   0.000042  -0.000240
  0.000556   0.000180  -0.000415
  0.000137  -0.000144  -0.000401
 -0.002239   0.005728  -0.000643
  0.002286   0.000380   0.001607
  0.007695  -0.011557   0.030203
 -0.000583   0.001072  -0.000287
 -0.000247   0.000226  -0.000362
 -0.000093   0.000080   0.000134
 -0.000645   0.000867  -0.000296
 -0.000072   0.000267  -0.000254
 -0.000014  -0.000010   0.000088
 -0.000000  -0.000006   0.000083
 -0.000017  -0.000029   0.000053
  0.000035  -0.000248  -0.000206
  0.012211  -0.018956   0.002400
 -0.012650   0.019701  -0.030965
  0.000217  -0.000140  -0.000166
  0.000083   0.000001  -0.000124
  0.000052  -0.000046   0.000117
  0.000013  -0.000082   0.000069
 -0.000069  -0.000059  -0.000183
   22    1  0.0200  0.0000  0.0000
  0.001108  -0.000086   0.000499
 -0.002479  -0.000276   0.000536
  0.254267   0.035720  -0.105688
 -0.000096  -0.000051  -0.000633
  0.000372  -0.000522   0.000816
  0.000253   0.000170   0.000818
 -0.001134  -0.002807   0.001799
 -0.001128   0.001334   0.002317
  0.006606   0.003574  -0.004001
  0.005657  -0.000808  -0.004132
 -0.000188  -0.000486  -0.000019
 -0.000177  -0.000108   0.000314
  0.001142   0.000410  -0.000853
  0.000167   0.000049   0.000200
  0.000035   0.000035   0.000029
 -0.000183   0.000266  -0.000356
 -0.000072   0.000095  -0.000201
 -0.000929  -0.000112   0.000454
  0.000838   0.000089  -0.000786
 -0.000108  -0.000120   0.000507
 -0.000246   0.000546   0.000142
 -0.262932  -0.036990   0.109807
 -0.000272   0.000064  -0.000497
 -0.000291   0.000140  -0.000525
 -0.000040  -0.000007  -0.000198
 -0.000170  -0.000118  -0.000350
   22    2  0.0000  0.0200  0.0000
 -0.001315   0.000435  -0.000665
  0.003585   0.000599  -0.000567
  0.035463   0.032233  -0.016633
 -0.000144   0.002618   0.000673
 -0.000825   0.000617  -0.001288
  0.000583  -0.000295   0.000886
  0.001754   0.004830  -0.002664
 -0.002133   0.002859   0.003931
 -0.010841  -0.005668   0.006896
  0.010008  -0.001022  -0.007617
  0.000462  -0.000263   0.000113
  0.000185  -0.000208  -0.000352
 -0.002828  -0.000789   0.001256
  0.000036  -0.001347  -0.000292
  0.000050  -0.000508  -0.000144
  0.000219  -0.000400   0.000647
  0.000175  -0.000198   0.000198
  0.000746  -0.000572  -0.000279
  0.002591  -0.000070  -0.001135
 -0.000001  -0.000153   0.000421
 -0.000392  -0.000197  -0.000167
 -0.037075  -0.032291   0.017319
 -0.000163  -0.000094  -0.000393
 -0.000043  -0.000128   0.000510
 -0.000058  -0.000067  -0.000142
 -0.000038   0.000080  -0.000509
   22    3  0.0000  0.0000  0.0200
  0.006084  -0.000335   0.003393
 -0.017245  -0.001630   0.003013
 -0.105476  -0.016776   0.076372
  0.000058   0.000705  -0.000522
  0.000602  -0.001335   0.000707
  0.000755   0.000931   0.001705
 -0.000040  -0.000671   0.000653
 -0.001041   0.001590   0.002700
  0.001881   0.000923  -0.000888
  0.006639  -0.000721  -0.004617
  0.000025  -0.000016  -0.000088
 -0.000362   0.000522  -0.000251
  0.000347  -0.000027  -0.000689
  0.000212  -0.000301   0.000070
 -0.000062  -0.000113   0.000025
 -0.000404   0.000576  -0.000318
 -0.000186   0.000239  -0.000183
 -0.003336  -0.000545   0.001031
  0.001617   0.000510  -0.001097
 -0.000306  -0.000506  -0.000173
 -0.000228   0.000126  -0.000141
  0.110043   0.017147  -0.078554
  0.000511   0.000477  -0.000498
  0.000521  -0.000194  -0.000469
 -0.000207  -0.000163  -0.000364
 -0.000397  -0.000413  -0.000816
   23    1  0.0200  0.0000  0.0000
  0.004987   0.011265   0.009592
  0.098034   0.104115   0.063782
  0.000692   0.001256   0.000624
 -0.000286   0.000271   0.000284
 -0.000926   0.001069  -0.000015
  0.002433  -0.002877  -0.004862
  0.000195   0.000048  -0.000455
  0.000014   0.000412  -0.001081
  0.000299   0.000020  -0.000314
  0.000034  -0.000349   0.000395
 -0.000104  -0.000072   0.000041
 -0.000258   0.000086  -0.000007
 -0.000064  -0.000112   0.000227
 -0.000023  -0.000067   0.000018
  0.000122  -0.000124  -0.000030
  0.000036  -0.000259  -0.000015
  0.000144  -0.000494   0.000020
 -0.000457  -0.000321  -0.000454
 -0.000035  -0.000142   0.000591
 -0.000367   0.000130   0.000017
 -0.000094   0.000166   0.000109
  0.000188  -0.000127   0.000167
 -0.097681  -0.105355  -0.063901
 -0.008024  -0.011115  -0.006545
 -0.000045   0.000564   0.000429
  0.001187   0.002011   0.001379
   23    2  0.0000  0.0200  0.0000
  0.001146   0.001437   0.001386
  0.094315   0.190931   0.091371
 -0.001894  -0.003668  -0.000533
 -0.000048   0.000042   0.000146
  0.000583   0.000987  -0.000424
  0.000133  -0.000729  -0.000888
  0.000126  -0.000122  -0.000199
  0.000271   0.000123  -0.000358
  0.000271   0.000118   0.001058
  0.000383   0.001029  -0.001018
 -0.000021  -0.000182  -0.000041
  0.000089  -0.000301  -0.000068
 -0.000055   0.000009   0.000093
 -0.000030  -0.000024  -0.000001
  0.000026  -0.000050  -0.000034
  0.000143  -0.000482   0.000055
  0.000047  -0.000380   0.000003
  0.000078  -0.000140  -0.000155
 -0.000102  -0.000086   0.000203
 -0.000388  -0.000653  -0.000540
 -0.000047  -0.000397  -0.000039
  0.000110  -0.000105   0.000420
 -0.105141  -0.202088  -0.100175
  0.009883   0.014818   0.009233
  0.000014  -0.000213   0.000062
  0.000109   0.000121   0.000443
   23    3  0.0000  0.0000  0.0200
 -0.002356  -0.006104  -0.005384
  0.061219   0.096490   0.084944
  0.009237   0.014146   0.003867
  0.000198   0.000318  -0.000449
  0.000710  -0.000694   0.000427
 -0.001207   0.001580   0.002868
 -0.000383  -0.000252   0.000721
 -0.001088  -0.000283   0.001500
 -0.001058   0.001423   0.000052
 -0.002306  -0.005551   0.003502
  0.000297  -0.000581  -0.000139
  0.000261  -0.000437  -0.000086
  0.000216   0.000093  -0.000366
  0.000086  -0.000144   0.000064
 -0.000052   0.000024  -0.000072
 -0.000191   0.000217  -0.000170
 -0.000079   0.000218  -0.000170
  0.000718   0.000259  -0.000239
  0.000575   0.000170  -0.000804
  0.001863   0.002370   0.001106
  0.000314   0.000629  -0.000127
 -0.000526  -0.000361  -0.000547
 -0.063871  -0.100183  -0.086721
 -0.001529  -0.001992  -0.002228
  0.000030  -0.000193  -0.000376
 -0.001080  -0.001161  -0.001175
   24    1  0.0200  0.0000  0.0000
  0.006390  -0.013514   0.004175
  0.123544  -0.133277   0.018852
  0.001000  -0.001173   0.000034
 -0.000208  -0.000419   0.000130
  0.002007   0.004858  -0.003162
 -0.000679  -0.001104  -0.000532
  0.000072   0.000066  -0.001148
  0.000232   0.000187  -0.000390
  0.000053   0.000194   0.000466
  0.000364   0.000010  -0.000229
 -0.000057  -0.000159   0.000027
 -0.000331  -0.000113  -0.000097
 -0.000035  -0.000063   0.000579
 -0.000009   0.000058   0.000050
  0.000136   0.000150   0.000024
  0.001361  -0.002212   0.000485
  0.000057  -0.000621   0.000167
 -0.000443   0.000451  -0.000321
 -0.000052  -0.000015   0.000233
 -0.000208  -0.000050  -0.000046
 -0.000102   0.000088   0.000066
 -0.000162  -0.000037   0.000511
 -0.008185   0.009997  -0.001488
 -0.124864   0.135923  -0.018728
  0.000108   0.000497   0.000226
  0.000013   0.000279   0.000117
   24    2  0.0000  0.0200  0.0000
  0.000781  -0.003054   0.000831
 -0.123605   0.217176  -0.020071
 -0.002260   0.002317  -0.000032
 -0.000063   0.000109   0.000152
  0.000604   0.000803  -0.000731
 -0.000944   0.000268   0.000304
  0.000227   0.000099  -0.000381
  0.000071  -0.000090  -0.000220
  0.000651  -0.000890  -0.000882
  0.000065   0.001041  -0.000570
 -0.000053  -0.000147   0.000049
 -0.000459   0.000254   0.000102
 -0.000135  -0.000065   0.000192
 -0.000007  -0.000066  -0.000043
  0.000011  -0.000039   0.000004
  0.000552  -0.000635  -0.000002
  0.000033  -0.000374   0.000004
 -0.000350  -0.000102   0.000173
 -0.000043  -0.000018   0.000093
 -0.000139  -0.000447  -0.000154
 -0.000016  -0.000436  -0.000054
  0.000177  -0.000155  -0.000164
 -0.010643   0.014562  -0.001922
  0.135505  -0.229590   0.023406
  0.000068  -0.000231  -0.000004
 -0.000029  -0.000289  -0.000079
   24    3  0.0000  0.0000  0.0200
 -0.003351   0.007292  -0.002452
  0.021119  -0.025175   0.033185
  0.010738  -0.013563  -0.002286
  0.000178  -0.000047  -0.000518
 -0.000880  -0.002871   0.001916
  0.000252   0.000719   0.000990
 -0.001113  -0.000442   0.001456
 -0.000419  -0.000171   0.000738
 -0.002744   0.003193   0.005484
 -0.000946  -0.001085  -0.000909
  0.000346  -0.000649  -0.000392
  0.002132  -0.002541   0.000311
  0.000579   0.000189  -0.000782
  0.000113   0.000106   0.000108
 -0.000060  -0.000021  -0.000029
 -0.001151   0.001388  -0.000677
  0.000011   0.000252  -0.000260
  0.000610  -0.000137  -0.000215
  0.000220   0.000130  -0.000327
  0.000158   0.000275   0.000171
  0.000188   0.000523   0.000117
 -0.000651   0.000474  -0.000428
 -0.006561   0.009920  -0.002046
 -0.018486   0.022795  -0.032569
 -0.000092  -0.000248  -0.000265
 -0.000192  -0.000308  -0.000323
   25    1  0.0200  0.0000  0.0000
 -0.004141   0.006056  -0.001036
 -0.000525  -0.000846  -0.000137
  0.000016   0.000112   0.000455
 -0.000549   0.001285   0.000993
  0.002579   0.000449   0.001380
  0.101620  -0.112590   0.008484
  0.000252   0.000167   0.000665
  0.001320  -0.002236  -0.001948
 -0.000015  -0.000093  -0.000101
  0.001068  -0.000217   0.000602
 -0.000040  -0.000025   0.000040
  0.000028  -0.000013  -0.000020
 -0.000150  -0.000114  -0.000335
 -0.000209  -0.000082  -0.000041
  0.000118  -0.000755  -0.000129
 -0.000531   0.000145   0.000022
 -0.000797   0.001306  -0.000098
 -0.000123  -0.000369   0.000105
 -0.000134   0.000014   0.000108
 -0.000504  -0.000046   0.000107
 -0.000334   0.000021   0.000050
 -0.000065  -0.000102  -0.000134
  0.000077   0.000236   0.000047
  0.000021   0.000089  -0.000285
 -0.108894   0.125107  -0.011171
  0.009912  -0.017497   0.002377
   25    2  0.0000  0.0200  0.0000
 -0.009590   0.007377  -0.004563
 -0.001366   0.000519   0.000760
  0.000267   0.000130   0.000305
  0.000689  -0.000457  -0.000821
  0.004627   0.000171   0.002429
 -0.122164   0.213343  -0.019116
  0.000064  -0.000238   0.000962
 -0.001116   0.002774   0.002364
 -0.000581  -0.000022   0.000065
 -0.000314   0.000693   0.000024
  0.000139  -0.000020  -0.000048
  0.000202   0.000048  -0.000155
 -0.000081   0.000111  -0.000461
 -0.000104  -0.000070   0.000029
 -0.000266  -0.000046   0.000040
 -0.000400   0.000056  -0.000122
 -0.001277   0.001621  -0.000410
  0.000346  -0.000377   0.000350
 -0.000088  -0.000468  -0.000375
  0.000081  -0.000241  -0.000060
  0.000313  -0.000346  -0.000079
  0.000021  -0.000079  -0.000197
  0.000515  -0.000192  -0.000166
  0.000566  -0.000251  -0.000225
  0.124955  -0.221890   0.020791
  0.004562  -0.002145  -0.001321
   25    3  0.0000  0.0000  0.0200
 -0.004573   0.005171  -0.001485
 -0.000826   0.000140   0.001221
  0.000327   0.000242   0.000778
 -0.001900   0.003369   0.005571
  0.002790  -0.000229   0.001931
  0.012292  -0.023762   0.026010
  0.000692   0.000848   0.001378
  0.007375  -0.013029  -0.002426
  0.000105  -0.000103  -0.000398
  0.001561   0.000249  -0.000617
 -0.000204  -0.000123   0.000041
  0.000008   0.000055  -0.000032
 -0.000351  -0.000437  -0.000742
  0.000295  -0.000419  -0.000454
  0.001478  -0.002838  -0.000057
 -0.000159   0.000119  -0.000308
 -0.000863   0.001501  -0.000669
  0.000005  -0.000245  -0.000117
 -0.000109   0.000455  -0.000271
 -0.000404   0.000018   0.000070
 -0.000590   0.000087   0.000069
 -0.000249  -0.000126  -0.000359
  0.000429   0.000061  -0.000408
  0.000171   0.000089  -0.000293
 -0.010952   0.020417  -0.027760
 -0.006347   0.008491  -0.000672
   26    1  0.0200  0.0000  0.0000
  0.005628  -0.001897  -0.006663
 -0.001265   0.001931   0.002931
  0.000299   0.000042   0.000752
  0.000262   0.000253  -0.000659
  0.001523  -0.000380   0.000298
  0.229723   0.031871  -0.102580
 -0.000025   0.000217   0.000301
 -0.001272  -0.000399   0.002276
  0.000223  -0.000203  -0.000182
  0.000342  -0.000098   0.000807
 -0.000086  -0.000009  -0.000047
 -0.000073   0.000108   0.000037
 -0.000051  -0.000045  -0.000177
 -0.000175   0.000031   0.000010
 -0.000162   0.000037   0.000106
 -0.000535   0.000321   0.000021
 -0.000480   0.000389   0.000001
 -0.000225   0.000121   0.000423
 -0.000200   0.000000  -0.000258
 -0.000588  -0.000203   0.000394
 -0.000291   0.000069  -0.000020
 -0.000183  -0.000018  -0.000411
  0.001155   0.000125  -0.001037
 -0.000051   0.000023  -0.000220
  0.009809   0.004408  -0.006216
 -0.243303  -0.036694   0.110114
   26    2  0.0000  0.0200  0.0000
  0.009657  -0.000221  -0.008022
 -0.001217   0.003209   0.003941
  0.000364  -0.000244   0.000716
  0.000108   0.000138   0.000447
  0.000462  -0.001172  -0.000067
  0.041173   0.035020  -0.022358
  0.000070   0.000126   0.000334
  0.002868   0.000581  -0.000219
  0.000135  -0.000275  -0.000144
 -0.000861   0.000335  -0.000699
 -0.000061   0.000036  -0.000040
 -0.000048   0.000137  -0.000006
 -0.000076  -0.000013  -0.000189
 -0.000028  -0.000003  -0.000076
  0.000017  -0.000237  -0.000011
 -0.000272   0.000286  -0.000043
 -0.000170   0.000075   0.000026
 -0.000278  -0.000165   0.000402
 -0.000121  -0.000146  -0.000163
  0.000311  -0.000226  -0.000155
  0.000209  -0.000140  -0.000089
 -0.000208   0.000071  -0.000383
  0.002078   0.000197  -0.001160
  0.000290  -0.000229  -0.000333
 -0.017444  -0.001952   0.008325
 -0.036961  -0.035188   0.019967
   26    3  0.0000  0.0000  0.0200
  0.006268   0.001030  -0.003438
 -0.000775   0.001592   0.002574
  0.000490   0.000933   0.001448
 -0.001263   0.001748   0.000614
  0.000368  -0.000963   0.000486
 -0.106856  -0.018450   0.076148
  0.000351   0.000248   0.000759
 -0.014605  -0.002396   0.001532
 -0.000339   0.000071  -0.000286
  0.005861  -0.000283   0.003493
  0.000074  -0.000170   0.000027
  0.000035   0.000012  -0.000107
 -0.000146  -0.000161  -0.000397
  0.000354  -0.000520  -0.000112
  0.000495  -0.000625  -0.000125
 -0.000152   0.000152  -0.000184
 -0.000123   0.000280  -0.000173
 -0.000264  -0.000342   0.000068
  0.000363   0.000198   0.000091
 -0.002921  -0.000805   0.001085
 -0.000631  -0.000004  -0.000182
 -0.000351  -0.000528  -0.000824
  0.001474   0.000574  -0.001089
  0.000144  -0.000152  -0.000307
  0.002084  -0.001145  -0.000702
  0.110063   0.019706  -0.080399
