-96.380629
-96.533679
-97.633581
-97.460564
-97.614989
-97.767062
-97.766327
-98.886507
-98.733253
-98.714988
-98.86819
-98.868598
-98.540754
-98.696262
-98.849667
-99.000484
-99.000648
-99.00072
-100.13842
-99.987318
-99.969091
-100.12128
-100.12151
-99.81462
-99.968811
-99.796438
-99.96963
-99.970091
-99.951032
-100.10327
-100.1033
-99.620271
-100.0845
-100.23426
-100.23431
-101.24048
-101.37376
-101.08792
-101.06987
-101.22325
-101.2416
-101.24131
-101.22406
-101.20534
-101.35646
-101.35638
-100.8958
-101.07015
-101.05267
-101.20578
-101.20621
-101.33837
-101.46827
-102.34297
-102.47709
-102.49518
-102.60909
-102.17041
-102.34333
-102.36087
-102.32613
-102.32546
-102.47788
-102.47777
-102.4606
-102.47837
-102.59159
-102.1705
-102.30921
-102.70223
-103.44497
-103.59882
-103.61606
-103.7318
-103.749
-103.84438
-103.44528
-103.44472
-103.59928
-103.58195
-103.71517
-104.71929
-104.87113
-104.85481
-104.98556
-104.71972
-105.99327
-106.12668
-107.26665
-95.300795

