        -0.49058        1.12519       -2.30694
        -2.61844        0.78120       -1.27176
         0.83582       -0.85108       -2.07728
         0.62233        2.95882       -1.25009
        -2.30762        0.29482        1.04870
         1.14735       -1.33781        0.24301
         0.93384        2.47287        1.07036
         2.25994        0.49633        1.29932
        -0.98085       -1.68128        1.27766
        -1.19431        2.12861        2.10486
         -1.70198       -2.86699        0.58806
         -0.77660       -1.99148        2.78216
          2.00696       -2.61860        0.39155
          3.63653        0.72013        0.62374
          2.45609        0.18068        2.80377
          2.21599       -0.62388       -2.74436
          0.11016       -2.03889       -2.75846
         -0.69232        1.44038       -3.81072
          1.65510        3.66134        1.75501
         -0.98950        1.80886        3.60728
         -2.05360        3.40898        1.95071
         -3.68676        0.07195        1.71930
         -3.33544       -0.41070       -1.95495
         -3.47417        2.06494       -1.41747
         -0.24154        4.23709       -1.39583
          2.00302        3.17647       -1.91927
