   7.0000000e-01   8.0000000e-01   7.0000000e-01
   8.6666667e-01   8.0000000e-01   8.6666667e-01
   5.6666667e-01   6.0000000e-01   5.6666667e-01
   4.0000000e-01   6.0000000e-01   4.0000000e-01
   5.6666667e-01   6.0000000e-01   5.6666667e-01
   7.3333333e-01   6.0000000e-01   7.3333333e-01
   7.3333333e-01   6.0000000e-01   7.3333333e-01
   4.3333333e-01   4.0000000e-01   4.3333333e-01
   2.6666667e-01   4.0000000e-01   2.6666667e-01
   2.6666667e-01   4.0000000e-01   2.6666667e-01
   4.3333333e-01   4.0000000e-01   4.3333333e-01
   4.3333333e-01   4.0000000e-01   4.3333333e-01
   1.0000000e-01   4.0000000e-01   1.0000000e-01
   2.6666667e-01   4.0000000e-01   2.6666667e-01
   4.3333333e-01   4.0000000e-01   4.3333333e-01
   6.0000000e-01   4.0000000e-01   6.0000000e-01
   6.0000000e-01   4.0000000e-01   6.0000000e-01
   6.0000000e-01   4.0000000e-01   6.0000000e-01
   3.0000000e-01   2.0000000e-01   3.0000000e-01
   1.3333333e-01   2.0000000e-01   1.3333333e-01
   1.3333333e-01   2.0000000e-01   1.3333333e-01
   3.0000000e-01   2.0000000e-01   3.0000000e-01
   3.0000000e-01   2.0000000e-01   3.0000000e-01
  -3.3333333e-02   2.0000000e-01  -3.3333333e-02
   1.3333333e-01   2.0000000e-01   1.3333333e-01
  -3.3333333e-02   2.0000000e-01  -3.3333333e-02
   1.3333333e-01   2.0000000e-01   1.3333333e-01
   1.3333333e-01   2.0000000e-01   1.3333333e-01
   1.3333333e-01   2.0000000e-01   1.3333333e-01
   3.0000000e-01   2.0000000e-01   3.0000000e-01
   3.0000000e-01   2.0000000e-01   3.0000000e-01
  -2.0000000e-01   2.0000000e-01  -2.0000000e-01
   3.0000000e-01   2.0000000e-01   3.0000000e-01
   4.6666667e-01   2.0000000e-01   4.6666667e-01
   4.6666667e-01   2.0000000e-01   4.6666667e-01
  -2.2204460e-17   0.0000000e+00   2.2204460e-17
   1.6666667e-01   0.0000000e+00   1.6666667e-01
  -1.6666667e-01   1.1102230e-17  -1.6666667e-01
  -1.6666667e-01   2.2204460e-17  -1.6666667e-01
   0.0000000e+00  -1.1102230e-17   0.0000000e+00
   2.2204460e-17   0.0000000e+00  -2.2204460e-17
   0.0000000e+00  -1.1102230e-17   0.0000000e+00
   0.0000000e+00  -5.5511151e-18   0.0000000e+00
   2.2204460e-17   0.0000000e+00  -2.2204460e-17
   1.6666667e-01   0.0000000e+00   1.6666667e-01
   1.6666667e-01   0.0000000e+00   1.6666667e-01
  -3.3333333e-01   0.0000000e+00  -3.3333333e-01
  -1.6666667e-01   1.1102230e-17  -1.6666667e-01
  -1.6666667e-01   2.2204460e-17  -1.6666667e-01
   0.0000000e+00  -5.5511151e-18   0.0000000e+00
  -2.2204460e-17   0.0000000e+00   2.2204460e-17
   1.6666667e-01   0.0000000e+00   1.6666667e-01
   3.3333333e-01   0.0000000e+00   3.3333333e-01
  -3.0000000e-01  -2.0000000e-01  -3.0000000e-01
  -1.3333333e-01  -2.0000000e-01  -1.3333333e-01
  -1.3333333e-01  -2.0000000e-01  -1.3333333e-01
   3.3333333e-02  -2.0000000e-01   3.3333333e-02
  -4.6666667e-01  -2.0000000e-01  -4.6666667e-01
  -3.0000000e-01  -2.0000000e-01  -3.0000000e-01
  -3.0000000e-01  -2.0000000e-01  -3.0000000e-01
  -3.0000000e-01  -2.0000000e-01  -3.0000000e-01
  -3.0000000e-01  -2.0000000e-01  -3.0000000e-01
  -1.3333333e-01  -2.0000000e-01  -1.3333333e-01
  -1.3333333e-01  -2.0000000e-01  -1.3333333e-01
  -1.3333333e-01  -2.0000000e-01  -1.3333333e-01
  -1.3333333e-01  -2.0000000e-01  -1.3333333e-01
   3.3333333e-02  -2.0000000e-01   3.3333333e-02
  -4.6666667e-01  -2.0000000e-01  -4.6666667e-01
  -3.0000000e-01  -2.0000000e-01  -3.0000000e-01
   2.0000000e-01  -2.0000000e-01   2.0000000e-01
  -6.0000000e-01  -4.0000000e-01  -6.0000000e-01
  -4.3333333e-01  -4.0000000e-01  -4.3333333e-01
  -4.3333333e-01  -4.0000000e-01  -4.3333333e-01
  -2.6666667e-01  -4.0000000e-01  -2.6666667e-01
  -2.6666667e-01  -4.0000000e-01  -2.6666667e-01
  -1.0000000e-01  -4.0000000e-01  -1.0000000e-01
  -6.0000000e-01  -4.0000000e-01  -6.0000000e-01
  -6.0000000e-01  -4.0000000e-01  -6.0000000e-01
  -4.3333333e-01  -4.0000000e-01  -4.3333333e-01
  -4.3333333e-01  -4.0000000e-01  -4.3333333e-01
  -2.6666667e-01  -4.0000000e-01  -2.6666667e-01
  -7.3333333e-01  -6.0000000e-01  -7.3333333e-01
  -5.6666667e-01  -6.0000000e-01  -5.6666667e-01
  -5.6666667e-01  -6.0000000e-01  -5.6666667e-01
  -4.0000000e-01  -6.0000000e-01  -4.0000000e-01
  -7.3333333e-01  -6.0000000e-01  -7.3333333e-01
  -8.6666667e-01  -8.0000000e-01  -8.6666667e-01
  -7.0000000e-01  -8.0000000e-01  -7.0000000e-01
  -1.0000000e+00  -1.0000000e+00  -1.0000000e+00
   1.0000000e+00   1.0000000e+00   1.0000000e+00
