    2   26   78
  72.610   1.000
    1    1  0.0200  0.0000  0.0000
 -0.269371   0.003691  -0.017613
  0.128164   0.015598  -0.044922
  0.064539  -0.060571   0.003954
  0.052501   0.048316   0.024909
 -0.007257   0.000887  -0.005587
 -0.001111  -0.000426   0.004059
 -0.000999  -0.000828   0.003301
  0.001278   0.000590  -0.001152
 -0.003342   0.002327   0.001409
 -0.002738  -0.003032   0.000316
  0.000787  -0.000432  -0.000263
  0.001695  -0.001055  -0.000257
 -0.000097   0.000922  -0.002533
 -0.000038  -0.000070   0.000061
 -0.000566  -0.000072  -0.000403
  0.005399  -0.009434   0.001677
 -0.004480   0.009293  -0.000492
  0.026444  -0.006956   0.033215
  0.000056   0.000105  -0.002160
  0.001445   0.001199   0.000293
  0.000678   0.000549  -0.000056
  0.000534  -0.001314   0.006054
  0.002349  -0.001032  -0.002331
  0.003399   0.002307  -0.002255
 -0.004048  -0.009283  -0.004863
  0.004778   0.008719   0.005638
    1    2  0.0000  0.0200  0.0000
  0.003788  -0.272763   0.027632
  0.018355   0.026644  -0.008237
 -0.060734   0.114084  -0.005913
  0.045638   0.101279   0.039164
  0.001889  -0.000992  -0.001337
 -0.000435  -0.000585  -0.006062
 -0.001729  -0.007431   0.004561
  0.000479  -0.004508  -0.001043
  0.002509   0.000034   0.000613
 -0.002949  -0.000193  -0.000530
 -0.000423   0.000181   0.000045
 -0.001014  -0.000104   0.000587
  0.000873  -0.000850   0.003723
 -0.000116   0.000992   0.000263
 -0.000135   0.002153   0.000442
  0.005310  -0.004513  -0.000157
 -0.005381   0.005409  -0.001586
 -0.007010   0.032843  -0.051877
 -0.001079   0.001058  -0.005692
  0.001180   0.000454  -0.000386
  0.000526   0.000235   0.000096
 -0.000201   0.000529  -0.000148
  0.009675   0.001732  -0.004978
 -0.012506  -0.001198   0.006082
  0.005359   0.006206   0.004474
 -0.001870  -0.000694   0.000265
    1    3  0.0000  0.0000  0.0200
 -0.017739   0.027766  -0.399848
 -0.057243  -0.008915   0.050187
  0.011056  -0.016479   0.026292
  0.030165   0.050365   0.051227
 -0.010322  -0.001651   0.003429
  0.006768  -0.010055  -0.003175
  0.005375   0.008860   0.003593
 -0.000602  -0.001149   0.000120
  0.001269   0.000141   0.000150
  0.000033  -0.000098  -0.000142
 -0.000282   0.000010  -0.000096
 -0.000435   0.000292  -0.000079
  0.000556  -0.000873   0.005002
  0.000100   0.000272  -0.000091
 -0.000111   0.000527  -0.000079
 -0.005301   0.006610  -0.000429
 -0.004189   0.007530  -0.000435
  0.033240  -0.051904   0.269720
  0.000162  -0.000793   0.002883
  0.000089  -0.000106  -0.000418
 -0.000073   0.000120  -0.000063
  0.000650  -0.000477   0.002941
  0.009325   0.002776  -0.003542
  0.004682  -0.000661  -0.001749
 -0.001143  -0.004622  -0.001805
 -0.006029  -0.007487  -0.003591
    2    1  0.0200  0.0000  0.0000
  0.127907   0.018276  -0.057306
 -0.354583   0.015010  -0.044683
  0.005307  -0.002959  -0.000189
  0.003865   0.003580   0.001967
  0.026817  -0.004557   0.021742
 -0.000987  -0.000030   0.002202
 -0.000803  -0.001142   0.002025
  0.000775   0.000056  -0.000460
 -0.001397   0.000812   0.007123
 -0.001171  -0.003088   0.004962
  0.000392   0.000198  -0.000363
  0.002019  -0.002251   0.000007
  0.000119   0.000419  -0.001226
  0.000024   0.000034  -0.000008
 -0.000331   0.000086  -0.000336
 -0.001388   0.000994  -0.000156
 -0.000660   0.001392  -0.000213
 -0.005435  -0.001524   0.005468
  0.000086   0.000183  -0.001302
  0.001517   0.001835   0.000756
  0.000426  -0.000089  -0.000349
 -0.000743   0.003175  -0.014962
  0.088029   0.089279   0.057467
  0.112170  -0.116974   0.019491
 -0.000435  -0.001322  -0.000828
 -0.001520  -0.001393  -0.000828
    2    2  0.0000  0.0200  0.0000
  0.015575   0.026744  -0.008916
  0.015067  -0.441948  -0.035607
 -0.009324  -0.007512   0.006287
  0.009366  -0.001368  -0.005495
 -0.001881   0.029438  -0.025821
  0.000505   0.000982   0.001762
 -0.001674   0.001175   0.000635
  0.000046   0.001549   0.000025
 -0.000981  -0.000576  -0.011413
 -0.000739  -0.007987   0.010316
  0.000410   0.000399   0.000717
 -0.001973   0.003225  -0.000212
 -0.000121  -0.000158  -0.000745
  0.000164  -0.000480  -0.000096
 -0.000035  -0.000469  -0.000193
 -0.003280   0.004820  -0.000738
  0.000482   0.001199  -0.000227
  0.002238   0.000912  -0.000762
  0.000723  -0.000192  -0.000297
  0.002859   0.004404   0.002530
  0.000043   0.001307  -0.000419
 -0.000589   0.000787  -0.000920
  0.099370   0.177500   0.092140
 -0.127087   0.202707  -0.024262
 -0.000751   0.000562   0.000108
  0.001588   0.002980   0.001603
    2    3  0.0000  0.0000  0.0200
 -0.044920  -0.008220   0.050181
 -0.044736  -0.035520  -0.298282
 -0.000104   0.004767  -0.003605
  0.004512  -0.003830  -0.008324
  0.009435  -0.026553   0.148618
  0.002329   0.001474  -0.003440
  0.001888   0.000923  -0.003814
 -0.000434   0.000021   0.001328
  0.005051  -0.005481  -0.003841
  0.004471   0.004226   0.003345
 -0.001201   0.001606   0.000548
 -0.003308   0.003790  -0.000879
 -0.001361  -0.000452   0.001730
 -0.000590  -0.000126  -0.000084
  0.000225  -0.000158   0.000275
  0.002151  -0.002573   0.000926
  0.000442  -0.000735   0.000802
 -0.011867  -0.001735   0.005549
 -0.001170  -0.000588   0.001800
 -0.001931  -0.001801  -0.001558
 -0.001102  -0.001389  -0.000392
  0.002375   0.000052   0.000993
  0.059930   0.086634   0.076650
  0.017001  -0.018812   0.027355
  0.000087   0.000706   0.001217
  0.002829   0.003775   0.002900
    3    1  0.0200  0.0000  0.0000
  0.064504  -0.060588   0.011057
  0.005387  -0.009278   0.000090
 -0.408196  -0.063258   0.031081
 -0.009853   0.003215  -0.004323
 -0.000468   0.002257  -0.000548
  0.026497  -0.004124   0.013590
  0.000633   0.001401  -0.002136
 -0.000636  -0.001507   0.006512
 -0.008236   0.001852  -0.011456
  0.001353   0.000267   0.000312
  0.001117   0.000101   0.000553
  0.005685   0.000597  -0.002766
  0.001617  -0.001515   0.007931
  0.000637  -0.000068  -0.000521
  0.001141   0.001289   0.000754
  0.233315   0.027594  -0.108785
  0.080531   0.095868   0.055399
 -0.000164   0.001205  -0.001564
  0.000080  -0.000407   0.001145
 -0.000395  -0.000172   0.000240
 -0.000262  -0.000337  -0.000071
  0.000299  -0.000915   0.000493
 -0.000526   0.000572   0.000540
  0.001917   0.000677  -0.000864
  0.002469   0.004701   0.002818
  0.001549   0.000572   0.000519
    3    2  0.0000  0.0200  0.0000
 -0.060450   0.114027  -0.016489
 -0.002961  -0.007507   0.004776
 -0.063183  -0.356167  -0.047482
 -0.003090   0.007765   0.001944
  0.001952  -0.000946   0.002732
 -0.004158   0.030350  -0.021375
  0.001906  -0.002072   0.001659
 -0.001320  -0.008605   0.009646
  0.001763  -0.000869  -0.002467
  0.000211   0.001252  -0.000434
 -0.000299   0.000635   0.000355
 -0.000600   0.000435   0.000339
 -0.001452   0.002903  -0.011799
  0.000296   0.001144  -0.000405
  0.002386   0.004973   0.002693
  0.035057   0.030812  -0.014806
  0.088346   0.181333   0.096523
  0.001061  -0.000980   0.002228
 -0.000873   0.000864  -0.001085
 -0.000146  -0.000288  -0.000449
 -0.000352   0.000017   0.000089
 -0.000549   0.000659  -0.001496
  0.001408   0.001155  -0.000820
  0.004905   0.000331  -0.002717
  0.000495  -0.000257  -0.000309
 -0.000351  -0.000964  -0.000851
    3    3  0.0000  0.0000  0.0200
  0.004014  -0.005993   0.026283
 -0.000184   0.006292  -0.003608
  0.030756  -0.047306  -0.330442
 -0.005827   0.002651  -0.003674
 -0.001050   0.002469  -0.002016
  0.020598  -0.031900   0.147840
 -0.001847   0.001922  -0.002030
  0.002035   0.004951   0.003514
 -0.005446  -0.000019   0.003340
  0.000304  -0.000442   0.000972
  0.001755   0.000166  -0.000409
  0.002366   0.000061  -0.001781
 -0.001946   0.002944  -0.003474
 -0.000800  -0.001550  -0.000432
 -0.000903  -0.002110  -0.001779
 -0.101145  -0.009939   0.078147
  0.048055   0.091542   0.080274
  0.008406  -0.012519   0.002168
  0.000777  -0.001348   0.000771
 -0.000024   0.000035   0.000175
  0.000267  -0.000393  -0.000263
  0.000951  -0.001234   0.000769
 -0.000068  -0.000288   0.000732
 -0.002903  -0.000483   0.002067
  0.001556   0.002538   0.002121
  0.000304  -0.000047   0.000734
    4    1  0.0200  0.0000  0.0000
  0.052509   0.045552   0.030170
  0.003869   0.009366   0.004517
 -0.009895  -0.003091  -0.005830
 -0.419805   0.040756   0.049052
 -0.000048  -0.001950  -0.001330
  0.000907  -0.000224  -0.002429
  0.026494  -0.001792   0.014538
 -0.000869  -0.001240   0.007891
  0.001464  -0.000280   0.000148
 -0.008197   0.002290  -0.011526
 -0.000337   0.000321   0.000091
 -0.000435   0.000017   0.000293
 -0.000034  -0.000081   0.001134
  0.000633   0.000311  -0.000527
  0.001598  -0.001834   0.000205
  0.001586  -0.000425   0.000290
  0.003116  -0.005097   0.000732
  0.000211  -0.000170  -0.001413
  0.001420  -0.001515   0.006498
  0.005634   0.001181  -0.002555
  0.001144  -0.000265   0.000532
  0.000138   0.000679   0.000756
  0.002452   0.000004  -0.001179
 -0.000312  -0.000801   0.000188
  0.104124  -0.123658   0.015012
  0.232633   0.041945  -0.105260
    4    2  0.0000  0.0200  0.0000
  0.048187   0.101026   0.050398
  0.003576  -0.001365  -0.003829
  0.003282   0.007765   0.002646
  0.040968  -0.378191   0.027901
 -0.001415   0.000495  -0.001626
 -0.000776  -0.000821  -0.001362
 -0.004410   0.029753  -0.030654
  0.000653  -0.001097  -0.010887
 -0.000250   0.000849   0.000422
 -0.000117  -0.000779  -0.000724
  0.000182  -0.000115  -0.000029
  0.000128  -0.000365   0.000235
  0.000468  -0.000049   0.000844
  0.000099   0.000166   0.000605
 -0.002063   0.003642  -0.000082
  0.000469  -0.001046   0.000101
 -0.000863   0.000315  -0.000152
 -0.003832  -0.004807  -0.005452
  0.002152  -0.001496   0.013504
  0.000136   0.000283   0.000265
 -0.000406   0.000569   0.000163
  0.000141  -0.000280   0.001077
 -0.002975  -0.000935   0.001322
 -0.001374   0.000435   0.000788
 -0.113769   0.210886  -0.027139
  0.031811   0.035161  -0.018336
    4    3  0.0000  0.0000  0.0200
  0.024960   0.039250   0.051258
  0.002026  -0.005487  -0.008270
 -0.004481   0.001916  -0.003580
  0.048879   0.028092  -0.296871
 -0.001494  -0.001359  -0.003765
 -0.002121  -0.001577  -0.003415
  0.019898  -0.019530   0.148585
  0.003262  -0.006666  -0.003764
  0.000139   0.000371   0.001303
 -0.005684  -0.002395   0.003213
  0.000328   0.000474  -0.000071
  0.000050  -0.000265   0.000246
  0.000873   0.001080   0.001732
 -0.001068   0.001696   0.000531
 -0.002277   0.004481  -0.000936
  0.000539  -0.000710   0.000778
  0.001603  -0.003061   0.000881
  0.005988   0.010240   0.005571
 -0.000963  -0.002255   0.001084
  0.002454   0.001079  -0.001588
  0.001715   0.000428  -0.000362
  0.000938   0.000826   0.001806
 -0.004649  -0.001266   0.002811
 -0.000726   0.000128   0.001199
  0.010932  -0.022841   0.027239
 -0.101122  -0.022650   0.074387
    5    1  0.0200  0.0000  0.0000
 -0.007292   0.001922  -0.010321
  0.026821  -0.001877   0.009411
 -0.000472   0.001955  -0.001051
 -0.000049  -0.001409  -0.001545
 -0.378584  -0.018066   0.054145
  0.005183  -0.008082   0.000390
  0.003761   0.008024   0.004342
 -0.000245   0.000176   0.000442
  0.065953  -0.066067   0.008646
  0.053852   0.051700   0.030732
 -0.004994   0.010084   0.000045
 -0.000918   0.001355  -0.001774
  0.001618   0.000587  -0.000668
 -0.000539  -0.000132  -0.000123
 -0.000007  -0.000081   0.000104
  0.000292  -0.000631   0.000727
  0.000063  -0.000405   0.000295
  0.005425   0.000814  -0.002472
  0.002159  -0.000001  -0.001017
 -0.000583  -0.000360  -0.001836
 -0.004460  -0.010291  -0.004713
  0.230281   0.033669  -0.101289
  0.001162  -0.001344   0.007551
  0.001360  -0.002102   0.008805
 -0.000007   0.000242   0.000389
  0.000219   0.000318   0.000787
    5    2  0.0000  0.0200  0.0000
  0.000918  -0.001166  -0.001650
 -0.004555   0.029436  -0.026504
  0.002368  -0.000950   0.002466
 -0.001944   0.000491  -0.001389
 -0.017979  -0.270270   0.008688
 -0.003962  -0.006949   0.003823
  0.004928  -0.001471  -0.003056
  0.000314  -0.004743  -0.001422
 -0.055190   0.113575  -0.012514
  0.043490   0.101387   0.046900
 -0.005528   0.005932  -0.001600
  0.000487  -0.000287   0.001806
  0.005360   0.000831  -0.002355
 -0.000062   0.002261   0.000530
 -0.000085   0.001086   0.000269
 -0.000417   0.000727  -0.001326
 -0.000397   0.000434  -0.000434
 -0.000360   0.000497   0.000344
 -0.003612  -0.000434   0.001331
 -0.003533  -0.004394  -0.004721
  0.005322   0.005982   0.004335
  0.033588   0.027544  -0.016329
  0.001813  -0.001822   0.012927
 -0.001221   0.002341  -0.011435
  0.000227   0.000170   0.000296
  0.000030  -0.000209   0.001021
    5    3  0.0000  0.0000  0.0200
 -0.005663  -0.001318   0.003421
  0.021838  -0.025864   0.148690
 -0.000676   0.002728  -0.001991
 -0.001257  -0.001582  -0.003778
  0.053940   0.008864  -0.293816
 -0.001219   0.005583  -0.003194
  0.001284  -0.005056  -0.007285
 -0.000159  -0.001345   0.001615
  0.004286  -0.007808   0.025273
  0.022722   0.041650   0.049605
 -0.003760   0.005617  -0.000320
  0.008626  -0.012462   0.001817
 -0.002560  -0.000377   0.001800
 -0.000451   0.000467  -0.000086
  0.000097   0.000236  -0.000075
  0.000922  -0.001197   0.000641
  0.000312  -0.000446   0.000528
  0.002923   0.000629  -0.001676
 -0.004505  -0.001032   0.002503
  0.006399   0.010533   0.005504
 -0.000904  -0.003028  -0.000958
 -0.101147  -0.016372   0.071227
 -0.000724  -0.002382   0.001206
 -0.001583   0.002819  -0.003113
  0.000387   0.000261   0.000847
  0.000871   0.000884   0.001615
    6    1  0.0200  0.0000  0.0000
 -0.001141  -0.000538   0.006702
 -0.000897   0.000513   0.002368
  0.026617  -0.004208   0.020637
  0.000931  -0.000687  -0.002114
  0.005177  -0.003941  -0.001130
 -0.310501   0.064271  -0.007265
 -0.009307  -0.002139  -0.004686
  0.052422   0.040959   0.025494
  0.129218   0.021378  -0.052978
 -0.003455  -0.002226   0.000200
  0.001534  -0.001271  -0.002290
 -0.005292  -0.001136   0.005139
  0.102863  -0.120444   0.013947
  0.005288   0.009507   0.005699
  0.000388   0.000635  -0.000548
 -0.001160   0.003438  -0.014842
  0.000780  -0.001602   0.005630
  0.001751  -0.001757   0.000096
  0.003501  -0.004983   0.000320
  0.000749   0.000537  -0.000114
  0.001532   0.001203   0.000083
 -0.001431   0.001773   0.000084
  0.000265   0.000142  -0.000458
 -0.000016   0.000365  -0.001202
  0.000210  -0.000010   0.000875
 -0.000026   0.000221   0.000352
    6    2  0.0000  0.0200  0.0000
 -0.000481  -0.000571  -0.010044
  0.000020   0.000955   0.001439
 -0.004130   0.030321  -0.031871
 -0.000210  -0.000788  -0.001540
 -0.008080  -0.006895   0.005589
  0.064460  -0.363046   0.011061
  0.002016   0.007629   0.003323
  0.051932   0.102926   0.047669
  0.010406   0.027262  -0.005746
 -0.002223  -0.001539  -0.000342
  0.011000   0.001941  -0.005055
  0.003050   0.000605  -0.001574
 -0.120545   0.201488  -0.020831
 -0.002807  -0.001799   0.000191
 -0.003507  -0.005158  -0.005485
 -0.000800   0.000081  -0.000083
  0.002512  -0.001942   0.013702
 -0.001755   0.003145  -0.000153
 -0.000257  -0.000049  -0.000280
  0.000541   0.000259   0.000132
  0.001192   0.000516  -0.000105
 -0.003039   0.004835  -0.000431
  0.000097  -0.000153  -0.000245
  0.000094   0.000057  -0.000493
  0.000274  -0.000201   0.000885
  0.000239   0.000119   0.000287
    6    3  0.0000  0.0000  0.0200
  0.004116  -0.006106  -0.003178
  0.002203   0.001768  -0.003440
  0.013553  -0.021421   0.147843
 -0.002431  -0.001358  -0.003502
  0.000388   0.003821  -0.003264
 -0.007388   0.011096  -0.268750
 -0.003728   0.001135  -0.003316
  0.028177   0.041692   0.049528
 -0.048485  -0.010285   0.048498
  0.000538  -0.000866   0.001691
  0.008241   0.001930  -0.002948
 -0.011987  -0.001647   0.005224
  0.013944  -0.020779   0.024549
 -0.004841  -0.006806  -0.002981
  0.005988   0.010415   0.005301
  0.002305  -0.000031   0.001642
 -0.000833  -0.002184   0.001763
 -0.002976   0.004440  -0.000678
  0.001541  -0.002831   0.000732
 -0.000071   0.000115  -0.000021
  0.000266  -0.000369  -0.000421
  0.001999  -0.002457   0.000734
 -0.000424  -0.000238   0.000866
 -0.001266  -0.000356   0.001611
  0.000797   0.001024   0.001640
  0.000374   0.000298   0.000877
    7    1  0.0200  0.0000  0.0000
 -0.001105  -0.001696   0.005335
 -0.000804  -0.001696   0.001913
  0.000635   0.001875  -0.001783
  0.026516  -0.004393   0.019912
  0.003759   0.004889   0.001392
 -0.009320   0.002012  -0.003626
 -0.297874  -0.050089  -0.028704
  0.064293  -0.054441   0.008384
 -0.003908   0.001698   0.001103
  0.128999   0.013672  -0.054366
  0.001793  -0.000988  -0.000421
  0.000886  -0.000415  -0.000313
  0.002961   0.004742   0.002435
  0.005948  -0.010054   0.001458
  0.000162   0.000123  -0.000998
  0.000086  -0.000407   0.000234
  0.000294  -0.000402   0.000893
  0.001340   0.001306   0.000603
  0.078966   0.093817   0.054025
 -0.005174  -0.001665   0.004964
  0.002711   0.002397  -0.002158
 -0.001355  -0.002228  -0.000936
 -0.000006   0.000151  -0.001268
  0.000318   0.000090  -0.000449
  0.000986  -0.001172   0.007248
 -0.001107   0.002875  -0.014875
    7    2  0.0000  0.0200  0.0000
 -0.000740  -0.007488   0.008864
 -0.001145   0.001175   0.000931
  0.001493  -0.002074   0.001923
 -0.001793   0.029753  -0.019469
  0.008018  -0.001469  -0.005058
 -0.002119   0.007648   0.001139
 -0.050067  -0.349917  -0.047701
 -0.065364   0.115295  -0.012785
  0.001655  -0.001072  -0.000940
  0.021883   0.027435  -0.010682
 -0.001080  -0.000058   0.000311
 -0.000437   0.000221   0.000004
  0.000011  -0.000588  -0.000282
  0.005643  -0.005053  -0.000618
  0.000798  -0.001404   0.002320
 -0.000418   0.000409  -0.000440
 -0.000631   0.000741  -0.001173
  0.002457   0.004568   0.002481
  0.093835   0.176602   0.089074
  0.001602   0.000257  -0.000097
 -0.013317  -0.001252   0.005885
  0.001393   0.003029   0.001464
  0.000425   0.000053  -0.000342
  0.000110  -0.000127  -0.000251
 -0.001847   0.002728  -0.012448
 -0.000367   0.000591  -0.002108
    7    3  0.0000  0.0000  0.0200
  0.003395   0.004639   0.003591
  0.002029   0.000642  -0.003814
 -0.002245   0.001658  -0.002030
  0.014566  -0.030694   0.148587
  0.004342  -0.003054  -0.007321
 -0.004739   0.003361  -0.003316
 -0.028797  -0.047557  -0.294849
  0.005627  -0.006890   0.025304
  0.001380  -0.000377   0.001621
 -0.046265  -0.005382   0.048479
 -0.000295   0.000599  -0.000089
 -0.000283   0.000006  -0.000056
  0.001298   0.002284   0.001867
 -0.003746   0.005517  -0.000330
  0.008257  -0.012689   0.001808
  0.000275  -0.000445   0.000545
  0.000742  -0.001308   0.000642
 -0.001665  -0.002403  -0.001660
  0.053982   0.088965   0.073324
 -0.012289  -0.001976   0.005489
  0.003035  -0.000236  -0.000888
  0.002579   0.003779   0.002589
 -0.001188  -0.000497   0.001618
 -0.000427  -0.000258   0.000860
 -0.001986   0.002554  -0.003107
  0.002420  -0.000241   0.001135
    8    1  0.0200  0.0000  0.0000
  0.001271   0.000483  -0.000649
  0.000713   0.000017  -0.000378
 -0.000662  -0.001425   0.002097
 -0.000844   0.000655   0.003324
 -0.000263   0.000287  -0.000081
  0.052362   0.051837   0.028307
  0.064227  -0.065416   0.005745
 -0.393907  -0.013106   0.027365
  0.003588   0.007828   0.005818
  0.005120  -0.008472   0.001853
  0.002583   0.000069  -0.001450
 -0.000509  -0.000430  -0.000095
 -0.004043  -0.010098  -0.005043
  0.240404   0.032152  -0.091986
  0.034704  -0.006400   0.032539
  0.000442   0.000276  -0.000973
 -0.000288   0.000025  -0.001668
 -0.000684  -0.000110  -0.000379
 -0.004509   0.010209  -0.000294
 -0.000704   0.000254   0.000162
  0.002016   0.000744  -0.001143
 -0.000381  -0.000179   0.000013
 -0.000320  -0.000073   0.000053
 -0.000285  -0.000003   0.000099
 -0.000461   0.000718  -0.002054
  0.000429   0.000161  -0.001181
    8    2  0.0000  0.0200  0.0000
  0.000621  -0.004790  -0.001149
  0.000054   0.001543   0.000023
 -0.001440  -0.008612   0.004947
 -0.001239  -0.001102  -0.006742
  0.000172  -0.004747  -0.001457
  0.040976   0.102894   0.041723
 -0.054507   0.115288  -0.006909
 -0.013043  -0.273631   0.036537
  0.005813  -0.001960  -0.003042
 -0.004424  -0.008026   0.003571
 -0.003728  -0.000250   0.000997
 -0.001465   0.000449   0.000583
  0.005160   0.006054   0.004140
  0.034492   0.028258  -0.016146
 -0.008838   0.033682  -0.052594
 -0.000119   0.001194  -0.001463
 -0.001522   0.001337  -0.005567
 -0.000237   0.002434   0.000558
 -0.005171   0.005483  -0.001594
  0.001448   0.001106  -0.000743
  0.005524   0.000869  -0.001812
 -0.000045   0.002426   0.000644
  0.000392   0.000162   0.000380
 -0.000500   0.000209  -0.000091
  0.001260  -0.000571   0.003562
  0.000367   0.000301   0.001645
    8    3  0.0000  0.0000  0.0200
 -0.001190  -0.001068   0.000087
 -0.000456  -0.000010   0.001293
  0.006497   0.009670   0.003544
  0.007938  -0.010774  -0.003812
  0.000434  -0.001313   0.001608
  0.025565   0.047646   0.049522
  0.008349  -0.012755   0.025256
  0.027047   0.036827  -0.426777
  0.000732  -0.006429  -0.007472
 -0.002220   0.006578  -0.002805
 -0.004611  -0.000853   0.001973
 -0.000668   0.000155   0.001340
 -0.001211  -0.004195  -0.001076
 -0.103061  -0.016831   0.073538
  0.043950  -0.052149   0.274113
 -0.000643  -0.000349  -0.000392
  0.000206  -0.000971   0.003230
  0.000251   0.000544  -0.000103
 -0.004091   0.006597   0.000040
 -0.000011  -0.000416   0.000871
 -0.002602  -0.000328   0.001388
 -0.000559   0.000562  -0.000393
  0.000190   0.000097  -0.000391
  0.000037   0.000152  -0.000461
  0.000756  -0.000889   0.005358
 -0.000630   0.000502   0.000519
    9    1  0.0200  0.0000  0.0000
 -0.003443   0.002550   0.001192
 -0.001283  -0.000932   0.004999
 -0.008307   0.001668  -0.005466
  0.001396  -0.000184   0.000191
  0.065952  -0.055135   0.004258
  0.129269   0.010461  -0.048628
 -0.003836   0.001575   0.001275
  0.003718   0.005776   0.000916
 -0.299090  -0.051084  -0.043243
 -0.010468   0.002029  -0.004043
  0.080748   0.098092   0.050338
  0.027853  -0.005970   0.034125
  0.002798   0.002373  -0.001885
 -0.001283  -0.002236  -0.000485
 -0.000386  -0.001540  -0.000449
  0.000464  -0.001880   0.005764
  0.001123  -0.000367   0.001699
  0.001843  -0.001280  -0.000313
  0.001910  -0.000968  -0.000587
  0.001388   0.000580   0.000610
  0.003129   0.005027   0.002154
  0.005729  -0.009448   0.001613
  0.000489   0.000335  -0.001087
  0.000130   0.001008  -0.002579
 -0.000021  -0.000606  -0.000004
  0.000178   0.000157  -0.000366
    9    2  0.0000  0.0200  0.0000
  0.002438   0.000005   0.000141
  0.000810  -0.000581  -0.005478
  0.001909  -0.000878  -0.000022
 -0.000280   0.000841   0.000407
 -0.066118   0.113568  -0.007899
  0.021305   0.027180  -0.010285
  0.001792  -0.001080  -0.000383
  0.007917  -0.001963  -0.006491
 -0.051167  -0.367572  -0.011550
 -0.002109   0.007775  -0.000317
  0.095798   0.185684   0.080527
 -0.003533   0.040672  -0.051444
 -0.012990  -0.000851   0.006062
  0.001553   0.003458   0.001772
 -0.000510   0.000309   0.000254
 -0.000359   0.000502  -0.000631
  0.000011   0.000546   0.000319
 -0.001139  -0.000104   0.000528
 -0.001128   0.000090   0.000169
 -0.000595  -0.001048  -0.000481
  0.000285  -0.000350   0.000374
  0.005920  -0.004859  -0.000314
  0.000124   0.000267   0.001681
  0.000458  -0.001196   0.003146
 -0.000079  -0.000055  -0.000151
 -0.000311  -0.000359   0.000065
    9    3  0.0000  0.0000  0.0200
  0.001535   0.000694   0.000131
  0.007127  -0.011411  -0.003857
 -0.011512  -0.002472   0.003328
  0.000149   0.000424   0.001321
  0.008641  -0.012500   0.025279
 -0.052849  -0.005685   0.048485
  0.001114  -0.000944   0.001606
  0.005887  -0.003042  -0.007465
 -0.043365  -0.011297  -0.427664
 -0.005232   0.004653  -0.002990
  0.055164   0.090686   0.075601
  0.029374  -0.061866   0.273959
  0.004232  -0.000414  -0.001016
  0.002436   0.003934   0.002024
  0.000042   0.000658   0.001362
  0.000769  -0.000559   0.003323
  0.000565   0.000486  -0.000368
 -0.000636  -0.000025  -0.000133
 -0.000343   0.000729  -0.000396
  0.000365  -0.000177   0.000921
  0.001257   0.002325   0.001467
 -0.004545   0.006167   0.000061
 -0.000271   0.000781   0.000523
  0.000439  -0.001047   0.005367
 -0.000168   0.000050  -0.000478
 -0.000176  -0.000151  -0.000391
   10    1  0.0200  0.0000  0.0000
 -0.002931  -0.003188   0.000035
 -0.001174  -0.000739   0.004475
  0.001404   0.000213   0.000303
 -0.008202  -0.000116  -0.005714
  0.053845   0.043451   0.022766
 -0.003517  -0.002323   0.000539
  0.128947   0.021912  -0.046323
  0.005114  -0.004423  -0.002293
 -0.010632  -0.002108  -0.005232
 -0.312879   0.071575  -0.018893
  0.003817  -0.005081   0.000033
  0.001435  -0.000498   0.000373
  0.001690   0.001309  -0.000103
 -0.001110   0.001562   0.000554
 -0.000576   0.001481   0.000149
  0.000165   0.000040  -0.000403
 -0.000110   0.000528   0.000247
  0.001582   0.001466   0.000274
  0.001767  -0.001355  -0.002051
  0.028382  -0.008689   0.033538
  0.105376  -0.123101   0.007691
  0.005244   0.008862   0.005580
  0.000266   0.000108  -0.002282
  0.000546   0.000063  -0.000966
  0.001136  -0.000308   0.001738
  0.000415  -0.000640   0.005965
   10    2  0.0000  0.0200  0.0000
 -0.003069  -0.000228  -0.000099
 -0.002973  -0.007983   0.004223
  0.000188   0.001222  -0.000448
  0.002335  -0.000633  -0.002514
  0.051792   0.101464   0.041667
 -0.002189  -0.001516  -0.000854
  0.013701   0.027425  -0.005405
 -0.008476  -0.007936   0.006569
  0.002088   0.007840   0.004558
  0.071823  -0.371875   0.029790
 -0.000510   0.000284  -0.000602
  0.000624  -0.000984  -0.000272
  0.001252   0.000604   0.000178
 -0.003199   0.005247  -0.000258
  0.000276   0.001030  -0.000524
  0.000380  -0.000333  -0.000074
  0.000143  -0.000086   0.000314
  0.001421   0.000362  -0.000390
  0.010197   0.002145  -0.005082
 -0.008674   0.036049  -0.052505
 -0.123366   0.206269  -0.011544
 -0.002814  -0.001267  -0.000014
 -0.000607   0.000641  -0.005588
 -0.000104   0.001261  -0.001467
 -0.000185   0.000575   0.000327
 -0.000054   0.000422   0.000014
   10    3  0.0000  0.0000  0.0200
  0.000390  -0.000630  -0.000148
  0.004964   0.010320   0.003342
  0.000302  -0.000438   0.000973
 -0.011525  -0.000722   0.003163
  0.030729   0.046866   0.049495
  0.000186  -0.000342   0.001692
 -0.054242  -0.010687   0.048479
  0.001861   0.003573  -0.002915
 -0.004069  -0.000319  -0.002976
 -0.019029   0.029862  -0.410025
  0.001379  -0.002533   0.000177
  0.000665  -0.000622   0.000863
  0.000243  -0.000330  -0.000645
  0.001791  -0.002187   0.000183
  0.000311  -0.000835   0.000860
 -0.000030   0.000147  -0.000362
 -0.000122   0.000089  -0.000359
 -0.000079   0.000148  -0.000329
  0.009152   0.002401  -0.002952
  0.027164  -0.042992   0.278109
  0.014156  -0.021149   0.030448
 -0.005619  -0.007473  -0.003002
  0.000244  -0.001047   0.003398
 -0.000224  -0.000485  -0.000474
  0.000548   0.000029  -0.000451
  0.000852  -0.000645   0.003457
   11    1  0.0200  0.0000  0.0000
  0.000896  -0.000425  -0.000280
  0.000405   0.000404  -0.001199
  0.001130  -0.000302   0.001754
 -0.000328   0.000180   0.000335
 -0.004987  -0.005534  -0.003767
  0.001586   0.011051   0.008241
  0.001813  -0.001083  -0.000298
  0.002627  -0.003730  -0.004580
  0.080834   0.095681   0.055172
  0.003835  -0.000462   0.001378
 -0.084645  -0.100477  -0.056294
  0.000949   0.002837  -0.000543
 -0.000047  -0.000231  -0.000211
  0.000856   0.002608   0.001157
 -0.000168   0.000468   0.000368
 -0.000305   0.000121  -0.000658
 -0.000352  -0.000045  -0.000643
 -0.000455   0.000202   0.000045
 -0.000933   0.000565   0.000169
 -0.000508  -0.000166  -0.000156
 -0.001419  -0.001638  -0.000593
 -0.000253   0.000105   0.000129
 -0.000184  -0.000114   0.000244
 -0.000184  -0.000084   0.000373
 -0.000067   0.000149  -0.000201
 -0.000094  -0.000082   0.000056
   11    2  0.0000  0.0200  0.0000
 -0.000430   0.000256   0.000012
  0.000194   0.000408   0.001608
  0.000077   0.000643   0.000164
  0.000319  -0.000109   0.000497
  0.010077   0.005942   0.005686
 -0.001238   0.001991   0.001929
 -0.001016  -0.000050   0.000595
  0.000048  -0.000235  -0.000783
  0.098191   0.185713   0.090797
 -0.005084   0.000364  -0.002534
 -0.100582  -0.191757  -0.091630
 -0.002495  -0.002929  -0.005299
  0.000293  -0.000408  -0.000108
  0.000079  -0.000238   0.000159
  0.000040  -0.000145   0.000079
  0.000005  -0.000255  -0.000034
 -0.000110  -0.000327  -0.000265
  0.000165  -0.000122  -0.000175
  0.000546   0.000054  -0.000263
  0.000404   0.000062   0.000280
  0.001381   0.001671   0.000932
 -0.000492  -0.000145  -0.000065
 -0.000227  -0.000275  -0.000673
 -0.000112  -0.000128  -0.000507
 -0.000047  -0.000029  -0.000136
  0.000016   0.000051  -0.000267
   11    3  0.0000  0.0000  0.0200
 -0.000246   0.000020  -0.000139
 -0.000464   0.000747   0.000520
  0.000693   0.000253  -0.000485
  0.000091   0.000010  -0.000134
  0.000181  -0.001592  -0.000293
 -0.002290  -0.005012  -0.002883
 -0.000367   0.000347  -0.000063
 -0.001377   0.000930   0.001844
  0.050196   0.080269   0.075591
 -0.000078  -0.000604   0.000002
 -0.056564  -0.092019  -0.080195
  0.010587   0.017825   0.008975
  0.000042   0.000210  -0.000154
 -0.000706  -0.000962  -0.000573
 -0.000081  -0.000215  -0.000472
 -0.000100   0.000039  -0.000177
  0.000038   0.000013   0.000002
  0.000128  -0.000030   0.000030
  0.000180  -0.000222  -0.000049
 -0.000017  -0.000062  -0.000275
  0.000183  -0.000045  -0.000232
 -0.000062   0.000140  -0.000173
  0.000023   0.000007  -0.000205
  0.000025   0.000028  -0.000490
  0.000018  -0.000064   0.000032
 -0.000033  -0.000009  -0.000005
   12    1  0.0200  0.0000  0.0000
  0.001708  -0.000988  -0.000423
  0.001867  -0.002010  -0.003350
  0.005643  -0.000558   0.002458
 -0.000435   0.000128   0.000065
 -0.000986   0.000516   0.008686
 -0.005364   0.003113  -0.011918
  0.000823  -0.000422  -0.000232
 -0.000529  -0.001437  -0.000727
  0.027955  -0.003584   0.029301
  0.001375   0.000634   0.000686
  0.000911  -0.002354   0.010356
 -0.029469   0.005734  -0.034267
  0.000108  -0.000160   0.000183
  0.000102   0.000405   0.000238
  0.000083   0.000385   0.000295
 -0.000509   0.001031  -0.002973
 -0.000567   0.000050  -0.000601
 -0.000954   0.000530   0.000198
 -0.000434   0.000215   0.000114
 -0.000362  -0.000253  -0.000241
 -0.000450  -0.000481  -0.000251
  0.000015  -0.000050  -0.000212
 -0.000233   0.000147   0.000424
 -0.000224  -0.000674   0.002173
  0.000019   0.000173   0.000006
 -0.000092  -0.000091   0.000011
   12    2  0.0000  0.0200  0.0000
 -0.001105  -0.000131   0.000206
 -0.002298   0.003183   0.003990
  0.000659   0.000283   0.000173
  0.000041  -0.000350  -0.000247
  0.001463  -0.000489  -0.012431
 -0.001281   0.000585  -0.001588
 -0.000401   0.000188   0.000108
 -0.000400   0.000312   0.000159
 -0.005989   0.040509  -0.061592
 -0.000622  -0.001027  -0.000648
  0.003106  -0.002563   0.017845
  0.005496  -0.039926   0.056893
  0.000227  -0.000261  -0.000011
 -0.000009  -0.000309  -0.000045
  0.000080  -0.000091   0.000056
  0.000099  -0.000343  -0.000193
 -0.000026  -0.000195  -0.000169
  0.000553   0.000033  -0.000225
  0.000233  -0.000073  -0.000015
  0.000245   0.000216   0.000305
  0.000150   0.000124   0.000200
 -0.000229  -0.000008   0.000257
  0.000042  -0.000249  -0.000625
 -0.000178   0.000453  -0.002500
  0.000058  -0.000009   0.000049
  0.000085   0.000138   0.000049
   12    3  0.0000  0.0000  0.0200
 -0.000296   0.000582  -0.000097
  0.000011  -0.000209  -0.000887
 -0.002692   0.000335  -0.001790
  0.000295   0.000236   0.000270
 -0.001771   0.001806   0.001793
  0.005161  -0.001596   0.005212
 -0.000282  -0.000001  -0.000067
 -0.000043   0.000583   0.001366
  0.034229  -0.051595   0.273949
  0.000377  -0.000315   0.000856
 -0.000538  -0.005293   0.008121
 -0.034468   0.057127  -0.286766
 -0.000382   0.000162  -0.000225
 -0.000206  -0.000306  -0.000435
 -0.000196  -0.000201  -0.000647
  0.000348  -0.000393   0.001036
  0.000153  -0.000051   0.000014
  0.000167  -0.000291   0.000042
  0.000057  -0.000116  -0.000112
 -0.000099  -0.000058  -0.000530
 -0.000060  -0.000133  -0.000334
  0.000328  -0.000148  -0.000312
  0.000003   0.000008  -0.000168
  0.000013   0.000088  -0.000047
 -0.000058  -0.000154  -0.000120
 -0.000052  -0.000069  -0.000122
   13    1  0.0200  0.0000  0.0000
 -0.000137   0.000939   0.000743
  0.000140  -0.000265  -0.001430
  0.001493  -0.001426  -0.002112
  0.000017   0.000337   0.000882
  0.001581   0.005564  -0.002631
  0.102984  -0.120286   0.013975
  0.002802  -0.000027   0.001215
 -0.004080   0.005231  -0.001223
  0.002698  -0.013029   0.004364
  0.001758   0.001163   0.000269
  0.000240   0.000468   0.000379
  0.000029   0.000195  -0.000870
 -0.107228   0.124462  -0.014498
 -0.000152  -0.000181  -0.000174
 -0.000145  -0.000045   0.000146
 -0.000156  -0.000061   0.000440
 -0.000118   0.000106   0.000035
 -0.000280  -0.000517  -0.000141
 -0.001264   0.001552   0.000044
 -0.000348  -0.000329   0.000019
 -0.000850  -0.000622  -0.000116
  0.001323  -0.002850   0.000326
 -0.000095  -0.000070   0.000245
  0.000007  -0.000115   0.000688
 -0.000167  -0.000041  -0.000432
 -0.000053  -0.000151  -0.000145
   13    2  0.0000  0.0200  0.0000
  0.000900  -0.000747  -0.000873
  0.000420  -0.000170  -0.000452
 -0.001548   0.002890   0.002938
 -0.000077  -0.000062   0.001076
  0.000586   0.000825  -0.000345
 -0.120498   0.201482  -0.020823
  0.004747  -0.000600   0.002277
 -0.010098   0.006050  -0.004124
  0.002378  -0.000852  -0.000417
  0.001313   0.000613  -0.000332
 -0.000226  -0.000426   0.000082
 -0.000003  -0.000313   0.000158
  0.124275  -0.207998   0.021530
  0.000415  -0.000140  -0.000047
  0.000253  -0.000163   0.000418
  0.000221  -0.000242  -0.000114
 -0.000043  -0.000381  -0.000406
 -0.000445   0.000021   0.000088
 -0.001630   0.001661  -0.000317
 -0.000276  -0.000165   0.000098
 -0.000658  -0.000278   0.000097
  0.000421  -0.000947  -0.000058
 -0.000177  -0.000076   0.000025
 -0.000118  -0.000057   0.000231
 -0.000127   0.000112  -0.000493
 -0.000005  -0.000036  -0.000216
   13    3  0.0000  0.0000  0.0200
 -0.002542   0.003704   0.004930
 -0.001216  -0.000707   0.001646
  0.007986  -0.011839  -0.003656
  0.001089   0.000843   0.001670
 -0.000717  -0.002440   0.001745
  0.013992  -0.020788   0.024694
  0.002556  -0.000299   0.001798
 -0.005124   0.004042  -0.001162
 -0.001806   0.006105  -0.001080
 -0.000112   0.000173  -0.000699
 -0.000263  -0.000121  -0.000098
  0.000186   0.000006  -0.000091
 -0.014415   0.021307  -0.026249
  0.000289   0.000223  -0.000116
 -0.000062  -0.000167  -0.000033
 -0.000372  -0.000021   0.000122
  0.000161   0.000352   0.000129
  0.002005  -0.002985   0.000082
 -0.000801   0.001536  -0.000660
  0.000019  -0.000022  -0.000015
 -0.000128   0.000181   0.000222
 -0.001009   0.001300  -0.000697
  0.000231   0.000122  -0.000393
  0.000654   0.000190  -0.000838
 -0.000404  -0.000536  -0.000853
 -0.000193  -0.000158  -0.000397
   14    1  0.0200  0.0000  0.0000
 -0.000021  -0.000079   0.000121
  0.000036   0.000150  -0.000567
  0.000605   0.000330  -0.000859
  0.000591   0.000032  -0.001094
 -0.000500  -0.000054  -0.000528
  0.005301  -0.002829  -0.004884
  0.005937   0.005732  -0.003804
  0.240197   0.034571  -0.103237
 -0.001229   0.001594   0.002465
 -0.001168  -0.003180   0.001808
  0.000870   0.000068  -0.000612
  0.000045  -0.000064  -0.000142
 -0.000303   0.000417   0.000119
 -0.248416  -0.035249   0.104496
 -0.002006  -0.001163   0.004944
 -0.000385  -0.000111   0.000514
 -0.000200  -0.000024   0.000332
 -0.000027  -0.000013   0.000170
 -0.000239  -0.000445   0.000045
  0.000086   0.000188  -0.000169
  0.001177   0.000371  -0.000652
  0.000234   0.000042   0.000229
 -0.000005  -0.000043   0.000216
 -0.000030  -0.000027   0.000197
 -0.000221  -0.000070   0.000358
 -0.000326  -0.000141   0.000532
   14    2  0.0000  0.0200  0.0000
 -0.000088   0.000997   0.000298
  0.000068  -0.000506  -0.000085
 -0.000042   0.001198  -0.001566
  0.000247   0.000008   0.001683
 -0.000069   0.002167   0.000437
  0.009560  -0.001984  -0.006939
 -0.010035  -0.005077   0.005455
  0.031950   0.028373  -0.016812
 -0.002331   0.003411   0.004116
  0.001544   0.005070  -0.002254
  0.002783  -0.000095  -0.001008
  0.000436  -0.000331  -0.000377
 -0.000136   0.000079   0.000184
 -0.035653  -0.029887   0.017801
  0.004464   0.000290  -0.001897
  0.000072  -0.000294   0.000491
  0.000097  -0.000365   0.000675
  0.000054  -0.000534  -0.000155
  0.000258   0.000065  -0.000025
 -0.000376  -0.000531   0.000381
 -0.002809  -0.000669   0.000879
  0.000045  -0.001202  -0.000223
 -0.000096  -0.000079  -0.000148
  0.000064  -0.000034   0.000114
 -0.000086   0.000001  -0.000525
  0.000078  -0.000072  -0.000500
   14    3  0.0000  0.0000  0.0200
  0.000031   0.000229  -0.000103
 -0.000044  -0.000088  -0.000104
 -0.000504  -0.000476  -0.000514
 -0.000551   0.000644   0.000491
 -0.000147   0.000477  -0.000117
  0.005614   0.000119  -0.002991
  0.001361  -0.000678  -0.000332
 -0.091582  -0.016080   0.073574
 -0.000457   0.001689   0.001968
  0.000528  -0.000242   0.000033
  0.001281   0.000338  -0.000590
  0.000266  -0.000004  -0.000511
 -0.000192   0.000097  -0.000135
  0.104622   0.017498  -0.078019
 -0.020469  -0.003174   0.008764
  0.000013  -0.000033   0.000027
  0.000023   0.000104  -0.000125
 -0.000010  -0.000129   0.000007
 -0.000046   0.000136  -0.000140
  0.000086  -0.000016  -0.000227
 -0.000033  -0.000122  -0.000256
  0.000132  -0.000268  -0.000026
  0.000018   0.000012  -0.000016
  0.000044  -0.000027   0.000026
 -0.000031   0.000007  -0.000469
  0.000047  -0.000011  -0.000217
   15    1  0.0200  0.0000  0.0000
 -0.000593  -0.000155  -0.000040
 -0.000298  -0.000029   0.000207
  0.001116   0.002504  -0.001067
  0.001553  -0.002092  -0.002454
 -0.000015  -0.000067   0.000003
  0.000318  -0.003619   0.005938
  0.000079   0.000951   0.008270
  0.034698  -0.008828   0.043766
 -0.000460  -0.000445   0.000078
 -0.000659   0.000228   0.000303
 -0.000104   0.000086  -0.000027
  0.000106   0.000074  -0.000150
 -0.000138   0.000283  -0.000060
 -0.001611   0.004368  -0.020623
 -0.034173   0.007480  -0.037223
 -0.000222  -0.000162   0.000345
 -0.000002  -0.000167   0.001225
  0.000289   0.000055   0.000156
 -0.000108  -0.000224  -0.000189
  0.000152   0.000041  -0.000182
 -0.000045  -0.000034  -0.000082
  0.000063   0.000049  -0.000041
  0.000116   0.000010  -0.000052
  0.000096   0.000034  -0.000048
  0.000080  -0.000357   0.001503
 -0.000237   0.000016   0.000442
   15    2  0.0000  0.0200  0.0000
 -0.000073   0.002149   0.000499
  0.000070  -0.000460  -0.000162
  0.001322   0.004856  -0.002214
 -0.001934   0.003519   0.004581
 -0.000096   0.001013   0.000230
  0.000601  -0.005260   0.010332
  0.000121  -0.001549  -0.012746
 -0.006365   0.033803  -0.051885
 -0.001494   0.000219   0.000701
  0.001442   0.001034  -0.000902
  0.000520  -0.000038  -0.000209
  0.000383  -0.000102  -0.000264
 -0.000061   0.000061  -0.000179
 -0.000870   0.000300  -0.003288
  0.007408  -0.035701   0.055265
 -0.000112  -0.000534   0.000507
  0.000804  -0.000845   0.002713
  0.000037  -0.001190  -0.000263
 -0.000016   0.000090   0.000279
 -0.000446  -0.000274   0.000345
 -0.000623  -0.000279   0.000307
  0.000033  -0.000537  -0.000111
 -0.000171  -0.000068   0.000005
  0.000146  -0.000062   0.000012
 -0.000735   0.000146  -0.002950
  0.000110  -0.000292  -0.000605
   15    3  0.0000  0.0000  0.0200
 -0.000430   0.000509  -0.000074
 -0.000331  -0.000192   0.000286
  0.000746   0.002684  -0.001767
  0.000206  -0.000081  -0.000858
  0.000106   0.000267  -0.000040
 -0.000511  -0.005476   0.005312
 -0.001014   0.002312   0.001817
  0.032641  -0.052734   0.274086
 -0.000547   0.000251   0.001388
  0.000153  -0.000470   0.000872
  0.000369   0.000078  -0.000412
  0.000272   0.000110  -0.000625
 -0.000002   0.000420  -0.000202
  0.005006  -0.001510   0.007980
 -0.037605   0.055088  -0.287377
 -0.000011  -0.000165   0.000040
  0.000231  -0.000484   0.001084
  0.000211  -0.000271   0.000063
  0.000016  -0.000362  -0.000294
  0.000096   0.000073  -0.000506
  0.000145   0.000009  -0.000310
  0.000090  -0.000098  -0.000092
  0.000087   0.000024  -0.000099
  0.000169  -0.000002  -0.000097
 -0.000087   0.000021  -0.000031
 -0.000008  -0.000000  -0.000146
   16    1  0.0200  0.0000  0.0000
  0.005428   0.005262  -0.005302
 -0.001380  -0.003283   0.002154
  0.233229   0.035132  -0.101332
  0.001590   0.000471   0.000519
  0.000296  -0.000421   0.000932
 -0.001116  -0.000798   0.002310
  0.000102  -0.000417   0.000276
  0.000521  -0.000120  -0.000656
  0.000521  -0.000359   0.000770
  0.000179   0.000415  -0.000030
 -0.000307   0.000008  -0.000000
 -0.000717   0.000066   0.000346
 -0.000297   0.000220  -0.000201
 -0.000387  -0.000035   0.000095
 -0.000249  -0.000001  -0.000008
 -0.244788  -0.034510   0.108584
  0.007824  -0.001281  -0.006436
 -0.000149  -0.000291   0.000273
 -0.000160   0.000084  -0.000181
 -0.000108  -0.000129  -0.000130
 -0.000100  -0.000030   0.000002
 -0.000145   0.000233  -0.000481
  0.000040   0.000187  -0.000200
  0.001277   0.000353  -0.001038
 -0.000469  -0.000404  -0.000211
 -0.000637  -0.000352  -0.000055
   16    2  0.0000  0.0200  0.0000
 -0.009421  -0.004429   0.006581
  0.001053   0.004719  -0.002554
  0.027443   0.030773  -0.009964
 -0.000440  -0.001140  -0.000643
 -0.000596   0.000678  -0.001170
  0.003535   0.000024  -0.000014
 -0.000366   0.000356  -0.000454
  0.000247   0.001169  -0.000390
 -0.001960   0.000373  -0.000610
  0.000053  -0.000358   0.000118
  0.000150  -0.000219   0.000049
  0.001055  -0.000342  -0.000415
 -0.000049  -0.000179  -0.000055
 -0.000056  -0.000309  -0.000067
 -0.000161  -0.000568  -0.000129
 -0.035087  -0.032061   0.014774
  0.016333   0.002602  -0.007635
  0.000126  -0.000004  -0.000293
  0.000205  -0.000177   0.000243
  0.000043   0.000082   0.000146
  0.000015  -0.000046  -0.000026
  0.000254  -0.000423   0.000636
 -0.000475  -0.000538   0.000260
 -0.002329  -0.000359   0.001365
  0.000114   0.000183   0.000105
  0.000316   0.000192   0.000141
   16    3  0.0000  0.0000  0.0200
  0.001687  -0.000255  -0.000423
 -0.000105  -0.000637   0.000693
 -0.108305  -0.014932   0.077989
  0.000232   0.000125   0.000619
  0.000602  -0.001358   0.000599
 -0.014930  -0.000023   0.001352
  0.000375  -0.000380   0.000467
 -0.000952  -0.001610  -0.000369
  0.005980  -0.000603   0.003290
 -0.000384  -0.000037  -0.000343
 -0.000717  -0.000041  -0.000134
 -0.002877  -0.000141   0.001210
  0.000378  -0.000171   0.000080
  0.000398   0.000499   0.000058
  0.000316   0.000459   0.000084
  0.108533   0.014547  -0.079488
  0.009911   0.003287  -0.003496
 -0.000124   0.000162  -0.000251
 -0.000137   0.000251  -0.000233
  0.000038   0.000048  -0.000075
  0.000083   0.000153   0.000110
 -0.000403   0.000684  -0.000321
 -0.000021   0.000069  -0.000213
  0.000488   0.000018  -0.000725
 -0.000077  -0.000147  -0.000300
  0.000012   0.000033  -0.000181
   17    1  0.0200  0.0000  0.0000
 -0.004448  -0.005352  -0.004160
 -0.000744   0.000541   0.000319
  0.080653   0.088087   0.048019
  0.003005  -0.000769   0.001509
  0.000006  -0.000354   0.000304
  0.000743   0.002633  -0.000899
  0.000279  -0.000555   0.000724
 -0.000405  -0.001588   0.000259
  0.001171  -0.000019   0.000626
 -0.000117   0.000174  -0.000077
 -0.000364  -0.000064   0.000035
 -0.000619  -0.000049   0.000191
 -0.000129  -0.000135   0.000181
 -0.000221   0.000093  -0.000011
 -0.000008   0.000766   0.000260
  0.008651   0.016059   0.009638
 -0.085711  -0.098306  -0.055444
 -0.000102   0.000115   0.000216
 -0.000234   0.000259  -0.000404
  0.000019  -0.000010  -0.000093
 -0.000050  -0.000028   0.000030
 -0.000054   0.000181  -0.000156
  0.000066   0.000062  -0.000073
 -0.000025  -0.000088   0.000015
 -0.000798  -0.001428  -0.000860
 -0.000565  -0.000225  -0.000147
   17    2  0.0000  0.0200  0.0000
  0.009327   0.005416   0.007574
  0.001351   0.001218  -0.000794
  0.095975   0.181307   0.091575
 -0.005202   0.000299  -0.003057
 -0.000432   0.000408  -0.000420
 -0.001590  -0.001882  -0.002245
 -0.000375   0.000772  -0.001289
 -0.000036   0.001233  -0.000879
 -0.000364   0.000465   0.000534
  0.000502  -0.000077   0.000119
 -0.000032  -0.000276  -0.000033
  0.000077  -0.000217  -0.000070
  0.000123  -0.000325   0.000223
 -0.000065  -0.000343   0.000021
 -0.000202  -0.001004  -0.000538
 -0.000925   0.002248   0.003038
 -0.098304  -0.189271  -0.096893
 -0.000338  -0.000060  -0.000264
  0.000213  -0.000400   0.000689
 -0.000200  -0.000052   0.000152
 -0.000043  -0.000115  -0.000008
  0.000079  -0.000263   0.000254
 -0.000633  -0.000434   0.000163
 -0.000592  -0.000350   0.000282
  0.001292   0.001658   0.001545
  0.000393   0.000043   0.000322
   17    3  0.0000  0.0000  0.0200
 -0.000501  -0.001573  -0.000439
 -0.000205  -0.000222   0.000801
  0.055385   0.096419   0.080289
  0.000736  -0.000149   0.000928
  0.000301  -0.000432   0.000543
  0.005676   0.013697   0.001762
  0.000953  -0.001176   0.000639
 -0.001607  -0.005565   0.003285
  0.001723   0.000323  -0.000355
  0.000251   0.000340  -0.000360
 -0.000640  -0.000263   0.000004
 -0.000499  -0.000120   0.000022
 -0.000039  -0.000400  -0.000037
  0.000282   0.000600  -0.000171
  0.001110   0.002528   0.001067
 -0.006429  -0.007809  -0.003684
 -0.055242  -0.096661  -0.081665
 -0.000092   0.000129  -0.000385
 -0.000448   0.000649  -0.000335
 -0.000064  -0.000049  -0.000056
 -0.000249   0.000046   0.000093
 -0.000245   0.000180  -0.000241
 -0.000056  -0.000067  -0.000260
  0.000174   0.000028  -0.000355
 -0.000252  -0.000468  -0.000803
 -0.000025   0.000014  -0.000288
   18    1  0.0200  0.0000  0.0000
  0.026741  -0.006954   0.033111
 -0.005648   0.002251  -0.011928
 -0.000214   0.001096   0.008407
  0.000098  -0.003930   0.005940
  0.005344  -0.000384   0.002916
  0.001705  -0.001740  -0.003105
  0.001301   0.002576  -0.001695
 -0.000756  -0.000308   0.000252
  0.001833  -0.001144  -0.000565
  0.001493   0.001428  -0.000020
 -0.000423   0.000230   0.000155
 -0.000976   0.000550   0.000171
 -0.000233  -0.000577   0.002068
  0.000026   0.000057  -0.000003
  0.000331   0.000067   0.000315
 -0.000019   0.000206  -0.000104
 -0.000173  -0.000502  -0.000235
 -0.028188   0.007235  -0.034293
 -0.000351  -0.000281   0.001740
 -0.000817  -0.000630  -0.000134
 -0.000362  -0.000271   0.000034
 -0.000680   0.000721  -0.003274
  0.000062   0.000277   0.000188
  0.000058  -0.000285   0.000073
 -0.000086   0.000378   0.000122
 -0.000065  -0.000065  -0.000136
   18    2  0.0000  0.0200  0.0000
 -0.006891   0.033087  -0.051707
 -0.001637   0.000881  -0.001719
  0.001253  -0.001170  -0.012580
 -0.000267  -0.004996   0.010274
  0.000861   0.000372   0.000693
 -0.001843   0.003122   0.004514
  0.001286   0.004480  -0.002430
 -0.000116   0.002341   0.000541
 -0.001274  -0.000170  -0.000032
  0.001413   0.000340   0.000092
  0.000211  -0.000088  -0.000034
  0.000536   0.000050  -0.000303
 -0.000512   0.000171  -0.002994
  0.000029  -0.000532  -0.000125
  0.000051  -0.001198  -0.000242
 -0.000420   0.000008   0.000154
  0.000162   0.000062   0.000197
  0.007124  -0.034614   0.053445
  0.000552  -0.000865   0.002861
 -0.000648  -0.000311   0.000192
 -0.000252  -0.000187  -0.000045
 -0.000030  -0.000489  -0.000615
 -0.000073  -0.000082   0.000151
  0.000379  -0.000225  -0.000100
 -0.000217   0.000028  -0.000080
  0.000322  -0.000016  -0.000108
   18    3  0.0000  0.0000  0.0200
  0.033215  -0.051837   0.269707
  0.005537  -0.000749   0.005514
 -0.001503   0.002219   0.002147
 -0.001471  -0.005554   0.005587
 -0.002543   0.000309  -0.001705
  0.000138  -0.000213  -0.000732
  0.000688   0.002534  -0.001719
 -0.000364   0.000520  -0.000056
 -0.000340   0.000529  -0.000061
  0.000285  -0.000423  -0.000283
  0.000061  -0.000151   0.000016
  0.000197  -0.000223   0.000057
 -0.000105   0.000164  -0.000141
  0.000129  -0.000109   0.000018
  0.000144  -0.000265   0.000043
  0.000247  -0.000140  -0.000321
  0.000056  -0.000265  -0.000311
 -0.034412   0.053456  -0.279177
  0.000173  -0.000461   0.001062
 -0.000083   0.000120   0.000245
 -0.000053   0.000086   0.000076
  0.000411  -0.000320   0.000995
 -0.000390  -0.000191  -0.000253
 -0.000334   0.000209  -0.000224
 -0.000074   0.000437  -0.000217
  0.000390   0.000318  -0.000268
   19    1  0.0200  0.0000  0.0000
  0.000046  -0.001095   0.000224
  0.000057   0.000765  -0.001131
  0.000087  -0.000795   0.000788
  0.001412   0.002167  -0.001005
  0.002168  -0.003671  -0.004600
  0.003431  -0.000200   0.001521
  0.079004   0.093655   0.053959
 -0.004584  -0.005160  -0.004095
  0.001948  -0.001061  -0.000282
  0.001610   0.010254   0.009276
 -0.000939   0.000537   0.000170
 -0.000411   0.000247   0.000081
 -0.001309  -0.001704  -0.000802
 -0.000181   0.000166  -0.000084
 -0.000125  -0.000052   0.000091
 -0.000115   0.000202  -0.000089
 -0.000185   0.000237  -0.000448
 -0.000349   0.000491   0.000135
 -0.082276  -0.096918  -0.055802
  0.000035   0.000050  -0.000463
  0.000052  -0.000301  -0.000029
  0.001024   0.002583   0.001439
  0.000025  -0.000115   0.000650
 -0.000098  -0.000065   0.000225
 -0.000124  -0.000089  -0.000089
 -0.000205  -0.000130   0.000360
   19    2  0.0000  0.0200  0.0000
  0.000124   0.001246  -0.000792
  0.000182  -0.000187  -0.000585
 -0.000464   0.000869  -0.001349
 -0.001513  -0.001487  -0.002209
 -0.000005  -0.000423  -0.000979
 -0.004956  -0.000004  -0.002831
  0.093837   0.176617   0.089068
  0.010092   0.005496   0.006671
 -0.000996   0.000103   0.000728
 -0.001355   0.002218   0.002404
  0.000568   0.000053  -0.000185
  0.000212  -0.000057  -0.000115
  0.001469   0.001679   0.001365
 -0.000473  -0.000107   0.000038
 -0.000179  -0.000089  -0.000357
  0.000084  -0.000198   0.000300
  0.000300  -0.000372   0.000648
 -0.000318  -0.001063  -0.000482
 -0.096847  -0.182768  -0.091924
 -0.000057  -0.000209  -0.000205
  0.000333  -0.000364  -0.000201
  0.000142  -0.000173   0.000348
 -0.000161  -0.000046   0.000210
  0.000071  -0.000070   0.000161
  0.000028  -0.000399   0.000227
 -0.000120  -0.000267   0.000047
   19    3  0.0000  0.0000  0.0200
 -0.002184  -0.005777   0.002900
 -0.001267  -0.000219   0.001768
  0.001206  -0.001034   0.000730
  0.006486   0.013610   0.000923
 -0.000980   0.001312   0.002422
  0.000306  -0.000244   0.000624
  0.053937   0.088898   0.073372
 -0.000286  -0.001631   0.000062
 -0.000559   0.000221  -0.000349
 -0.002026  -0.005078  -0.002985
  0.000164  -0.000263   0.000003
  0.000131   0.000031  -0.000053
 -0.000006  -0.000321  -0.000698
  0.000024  -0.000104  -0.000145
 -0.000208   0.000243  -0.000217
 -0.000168   0.000234  -0.000215
 -0.000426   0.000668  -0.000316
  0.001706   0.002765   0.001103
 -0.055798  -0.091990  -0.076428
  0.000228  -0.000007  -0.000200
 -0.000107   0.000037  -0.000131
 -0.000925  -0.001148  -0.001133
  0.000635   0.000212  -0.000836
  0.000250   0.000099  -0.000389
  0.000184  -0.000382   0.000077
 -0.000316  -0.000130   0.000113
   20    1  0.0200  0.0000  0.0000
  0.001448   0.001186   0.000087
  0.001397   0.002925  -0.001939
 -0.000385  -0.000124  -0.000009
  0.005604   0.000101   0.002484
 -0.000648  -0.003564   0.006418
  0.000701   0.000548  -0.000062
 -0.005244   0.001568  -0.012207
 -0.000723   0.001436  -0.000039
  0.001435  -0.000562   0.000415
  0.028354  -0.008541   0.027091
 -0.000506   0.000442  -0.000059
 -0.000340   0.000247  -0.000061
 -0.000329  -0.000300   0.000027
  0.000219  -0.000381   0.000020
  0.000163  -0.000435   0.000183
 -0.000049   0.000064   0.000038
  0.000035  -0.000178  -0.000067
 -0.000780  -0.000620  -0.000022
  0.000067   0.000035   0.000106
 -0.030239   0.008890  -0.033612
  0.001371  -0.002750   0.012632
 -0.000074   0.000133  -0.000088
 -0.000269  -0.000295   0.001963
 -0.000210  -0.000232   0.000261
 -0.000521   0.000135  -0.000537
 -0.000477   0.000275  -0.003022
   20    2  0.0000  0.0200  0.0000
  0.001197   0.000434  -0.000101
  0.001751   0.004362  -0.001885
 -0.000143  -0.000301   0.000004
  0.001182   0.000123   0.001118
 -0.000455  -0.004517   0.010483
  0.000519   0.000251   0.000059
 -0.001706   0.000176  -0.002058
  0.000282   0.001043  -0.000444
  0.000551  -0.001103  -0.000128
 -0.008621   0.036115  -0.042879
 -0.000109   0.000168  -0.000016
 -0.000237   0.000208  -0.000099
 -0.000281  -0.000147  -0.000025
  0.000211  -0.000544   0.000029
  0.000060  -0.000297   0.000071
 -0.000105   0.000077   0.000045
  0.000003  -0.000041  -0.000014
 -0.000641  -0.000313   0.000128
  0.000115  -0.000094   0.000049
  0.008708  -0.037675   0.052601
 -0.002539   0.003520  -0.018754
  0.000238   0.000008  -0.000260
  0.000222  -0.000441   0.002557
  0.000049  -0.000591   0.000516
 -0.000117  -0.000162  -0.000062
 -0.000133  -0.000258  -0.000933
   20    3  0.0000  0.0000  0.0200
  0.000272  -0.000372  -0.000413
  0.000760   0.002530  -0.001545
  0.000301  -0.000455   0.000190
 -0.002555   0.000266  -0.001538
 -0.001832  -0.004721   0.005582
 -0.000071   0.000121  -0.000009
  0.004959  -0.000105   0.005501
  0.000196  -0.000742   0.000942
  0.000623  -0.000483   0.000947
  0.033635  -0.052628   0.278125
 -0.000154   0.000280  -0.000276
 -0.000225   0.000363  -0.000507
 -0.000066   0.000096  -0.000053
 -0.000191   0.000244  -0.000277
 -0.000241   0.000343  -0.000503
 -0.000127   0.000153  -0.000045
 -0.000090   0.000175  -0.000045
 -0.000119   0.000163   0.000256
 -0.000403  -0.000207  -0.000301
 -0.033477   0.052429  -0.289554
 -0.002018   0.002985   0.001824
  0.000349   0.000299  -0.000299
  0.000062  -0.000333   0.000966
 -0.000005  -0.000161   0.000051
  0.000145  -0.000053   0.000047
  0.000275  -0.000186   0.000933
   21    1  0.0200  0.0000  0.0000
  0.000765   0.000556  -0.000073
  0.000417   0.000039  -0.001100
 -0.000284  -0.000353   0.000264
  0.001132  -0.000405   0.001713
 -0.004472   0.005319  -0.000925
  0.001534   0.001244   0.000268
  0.002737  -0.013318   0.003035
  0.002042   0.005523  -0.002586
  0.003211   0.000286   0.001257
  0.105381  -0.123167   0.014171
 -0.001440   0.001382   0.000121
 -0.000501   0.000146  -0.000064
 -0.000817  -0.000661  -0.000127
  0.001122  -0.002691   0.000016
 -0.000126  -0.000572   0.000145
 -0.000119   0.000047   0.000056
 -0.000080  -0.000046  -0.000253
 -0.000431  -0.000227  -0.000065
 -0.000072   0.000334  -0.000097
  0.001177  -0.002162  -0.002018
 -0.109675   0.128447  -0.013083
 -0.000314  -0.000168   0.000062
 -0.000217  -0.000060   0.000313
 -0.000239   0.000039   0.000204
 -0.000405   0.000313  -0.000584
 -0.000325   0.000157  -0.000652
   21    2  0.0000  0.0200  0.0000
  0.000529   0.000303   0.000126
 -0.000110   0.001345  -0.001388
 -0.000348   0.000031  -0.000381
 -0.000285   0.000525   0.000484
 -0.010367   0.005955  -0.002973
  0.001192   0.000523  -0.000379
  0.002354  -0.001261  -0.000249
  0.000701   0.000856  -0.000317
  0.005005  -0.000397   0.002381
 -0.123188   0.206319  -0.021202
 -0.001608   0.001812  -0.000051
 -0.000424   0.000108  -0.000186
 -0.000654  -0.000258   0.000178
  0.000484  -0.000877  -0.000170
  0.000017  -0.000314   0.000072
 -0.000007  -0.000052   0.000226
  0.000032  -0.000078   0.000052
 -0.000228  -0.000207   0.000078
 -0.000216  -0.000261   0.000019
 -0.002388   0.003173   0.002906
  0.128483  -0.215830   0.019625
  0.000535  -0.000054   0.000058
  0.000134  -0.000323   0.000616
  0.000240  -0.000514   0.000553
  0.000102  -0.000324   0.000013
  0.000016  -0.000202  -0.000089
   21    3  0.0000  0.0000  0.0200
 -0.000040   0.000071  -0.000046
 -0.000331  -0.000386  -0.000435
 -0.000053   0.000077  -0.000242
  0.000495   0.000161  -0.000411
 -0.004732   0.004244  -0.000959
  0.000074  -0.000083  -0.000435
 -0.002098   0.005866  -0.000916
 -0.001138  -0.001890   0.001410
  0.002225   0.000330   0.001458
  0.007706  -0.011549   0.030350
 -0.000590   0.001016  -0.000242
 -0.000244   0.000227  -0.000300
 -0.000088   0.000115   0.000206
 -0.000702   0.000900  -0.000246
 -0.000117   0.000305  -0.000298
  0.000008  -0.000015   0.000100
  0.000008  -0.000014   0.000097
  0.000021  -0.000040   0.000069
 -0.000057  -0.000199  -0.000125
  0.012524  -0.018666   0.002207
 -0.013182   0.019728  -0.031028
  0.000205  -0.000024  -0.000120
  0.000056   0.000008  -0.000140
  0.000061  -0.000054   0.000098
  0.000022  -0.000077   0.000091
 -0.000032  -0.000051  -0.000145
   22    1  0.0200  0.0000  0.0000
  0.000626  -0.000140   0.000583
 -0.000760  -0.000598   0.002395
  0.000318  -0.000521   0.000921
  0.000193   0.000129   0.000913
  0.230305   0.033650  -0.101315
 -0.001378  -0.003073   0.002011
 -0.001380   0.001455   0.002629
 -0.000360  -0.000058  -0.000626
  0.005769   0.005982  -0.004582
  0.005225  -0.002819  -0.005720
 -0.000199  -0.000469  -0.000019
 -0.000148  -0.000190   0.000312
  0.001243   0.000438  -0.000965
  0.000248   0.000064   0.000131
  0.000054   0.000030   0.000057
 -0.000168   0.000281  -0.000439
 -0.000077   0.000081  -0.000249
 -0.000847  -0.000092   0.000399
  0.000938   0.000124  -0.000897
 -0.000082  -0.000086   0.000598
 -0.000314   0.000565   0.000060
 -0.238360  -0.034788   0.104843
 -0.000307  -0.000009  -0.000179
 -0.000334   0.000094  -0.000192
 -0.000049   0.000033  -0.000237
 -0.000157  -0.000087  -0.000430
   22    2  0.0000  0.0200  0.0000
 -0.001423   0.000509  -0.000555
  0.003197   0.000750   0.000158
 -0.000854   0.000613  -0.001244
  0.000713  -0.000375   0.000807
  0.033569   0.027681  -0.016324
  0.001774   0.004703  -0.002435
 -0.002281   0.003014   0.003905
 -0.000114   0.002330   0.000537
 -0.009452  -0.004968   0.006204
  0.008797  -0.001474  -0.007642
  0.000220  -0.000009   0.000118
 -0.000032  -0.000030  -0.000282
 -0.002796  -0.000738   0.001227
  0.000027  -0.001206  -0.000227
  0.000056  -0.000536  -0.000131
  0.000220  -0.000429   0.000669
  0.000192  -0.000228   0.000210
  0.000757  -0.000523  -0.000310
  0.002677  -0.000051  -0.001148
  0.000158  -0.000007   0.000407
 -0.000181   0.000044  -0.000042
 -0.035064  -0.028764   0.016943
 -0.000059  -0.000149  -0.000328
  0.000004  -0.000150   0.000157
 -0.000057  -0.000112  -0.000154
 -0.000048   0.000106  -0.000519
   22    3  0.0000  0.0000  0.0200
  0.006170  -0.000213   0.002947
 -0.015085  -0.000879   0.000730
  0.000473  -0.001530   0.000704
  0.000642   0.001067   0.001757
 -0.100991  -0.016256   0.071303
  0.000102  -0.000374   0.000559
 -0.000914   0.001395   0.002437
 -0.000016   0.000592  -0.000354
  0.001614  -0.000379   0.000065
  0.005587  -0.000116  -0.003089
  0.000090   0.000001  -0.000132
 -0.000185   0.000303  -0.000253
  0.000231  -0.000069  -0.000696
  0.000182  -0.000266  -0.000015
 -0.000077  -0.000116  -0.000043
 -0.000470   0.000657  -0.000312
 -0.000173   0.000251  -0.000211
 -0.003252  -0.000560   0.001136
  0.001508   0.000527  -0.001093
 -0.000086  -0.000223  -0.000096
 -0.000066   0.000206  -0.000136
  0.104805   0.016746  -0.074196
  0.000263   0.000276   0.000157
  0.000285  -0.000355   0.000101
 -0.000197  -0.000180  -0.000405
 -0.000440  -0.000507  -0.000864
   23    1  0.0200  0.0000  0.0000
  0.002278   0.009692   0.009517
  0.087769   0.099200   0.059663
 -0.000580   0.001506  -0.000198
  0.002365  -0.003184  -0.004774
  0.001141   0.001904  -0.000777
  0.000252   0.000027  -0.000468
 -0.000038   0.000525  -0.001157
 -0.000319   0.000317   0.000239
  0.000356   0.000102  -0.000165
  0.000063  -0.000672   0.000317
 -0.000115  -0.000162   0.000025
 -0.000266   0.000025  -0.000001
 -0.000113  -0.000127   0.000235
 -0.000008  -0.000108   0.000012
  0.000130  -0.000167   0.000024
  0.000084  -0.000444   0.000021
  0.000121  -0.000573   0.000013
 -0.000009  -0.000122  -0.000407
  0.000022  -0.000167   0.000660
 -0.000333   0.000128   0.000092
 -0.000138   0.000109   0.000073
 -0.000111  -0.000090   0.000081
 -0.089025  -0.098620  -0.059688
 -0.004635  -0.011630  -0.005180
 -0.000094   0.000506   0.000428
  0.001202   0.002026   0.001416
   23    2  0.0000  0.0200  0.0000
 -0.001108   0.001656   0.002811
  0.089270   0.177422   0.086617
  0.000503   0.001154  -0.000328
 -0.000005  -0.000989  -0.001256
 -0.001344  -0.001793  -0.002387
  0.000131  -0.000147  -0.000236
  0.000140   0.000095  -0.000486
 -0.000095   0.000160   0.000108
  0.000309   0.000247   0.000806
  0.000062   0.000648  -0.001030
 -0.000076  -0.000247  -0.000073
  0.000056  -0.000272  -0.000011
 -0.000028  -0.000036   0.000108
 -0.000028  -0.000050   0.000001
  0.000042  -0.000078   0.000005
  0.000193  -0.000486   0.000033
 -0.000011  -0.000450  -0.000053
  0.000131  -0.000143  -0.000197
 -0.000081  -0.000058   0.000238
 -0.000347  -0.000589  -0.000353
 -0.000046  -0.000350  -0.000021
 -0.000070  -0.000161   0.000198
 -0.098551  -0.187572  -0.093850
  0.010727   0.011998   0.008833
  0.000017  -0.000173   0.000078
  0.000208   0.000213   0.000446
   23    3  0.0000  0.0000  0.0200
 -0.002385  -0.004924  -0.003512
  0.057171   0.091932   0.076629
  0.000604  -0.000806   0.000484
 -0.001120   0.001292   0.002572
  0.007597   0.013058   0.000970
 -0.000392  -0.000320   0.000766
 -0.001192  -0.000217   0.001569
  0.000139   0.000316  -0.000375
 -0.001157   0.001707   0.000624
 -0.002313  -0.005828   0.003369
  0.000331  -0.000619  -0.000151
  0.000424  -0.000638  -0.000137
  0.000240   0.000093  -0.000421
  0.000143  -0.000159   0.000026
 -0.000038  -0.000010  -0.000113
 -0.000234   0.000244  -0.000191
 -0.000040   0.000182  -0.000180
  0.000173   0.000081  -0.000122
  0.000662   0.000143  -0.000859
  0.001938   0.002475   0.001100
  0.000335   0.000638  -0.000165
 -0.000197  -0.000318   0.000154
 -0.059848  -0.094283  -0.079629
  0.000184  -0.002680  -0.000878
  0.000037  -0.000252  -0.000399
 -0.001062  -0.001105  -0.001131
   24    1  0.0200  0.0000  0.0000
  0.003345  -0.012533   0.004832
  0.111874  -0.126842   0.016926
  0.001890   0.005120  -0.002990
 -0.000312  -0.001417  -0.000867
  0.001363  -0.001217  -0.001805
  0.000010  -0.000036  -0.001277
  0.000275   0.000222  -0.000390
 -0.000232  -0.000463   0.000076
 -0.000009   0.000536   0.000563
  0.000404  -0.000135  -0.000149
 -0.000103  -0.000110   0.000024
 -0.000296  -0.000159  -0.000039
  0.000009  -0.000065   0.000657
 -0.000025   0.000086   0.000068
  0.000129   0.000166   0.000067
  0.001377  -0.002280   0.000520
 -0.000004  -0.000591   0.000196
 -0.000004   0.000299  -0.000350
 -0.000107  -0.000020   0.000245
 -0.000229  -0.000011  -0.000007
 -0.000128   0.000169   0.000092
 -0.000259  -0.000016   0.000273
 -0.004671   0.010642   0.000271
 -0.114400   0.127652  -0.017409
  0.000052   0.000570   0.000251
  0.000050   0.000432   0.000224
   24    2  0.0000  0.0200  0.0000
  0.002331  -0.001202  -0.000661
 -0.117108   0.202723  -0.018855
  0.000724   0.000340  -0.000485
 -0.000803   0.000444   0.000169
 -0.002113   0.002350   0.002818
  0.000397   0.000062  -0.000359
  0.000096  -0.000121  -0.000264
  0.000009   0.000223   0.000178
  0.001028  -0.001182  -0.001047
  0.000058   0.001270  -0.000485
 -0.000088  -0.000128   0.000051
 -0.000544   0.000363   0.000087
 -0.000203  -0.000037   0.000192
 -0.000071  -0.000101  -0.000031
  0.000001  -0.000071   0.000001
  0.000349  -0.000524   0.000064
  0.000020  -0.000315   0.000024
 -0.000134  -0.000188   0.000214
 -0.000088  -0.000069   0.000078
 -0.000165  -0.000491  -0.000158
  0.000035  -0.000532  -0.000046
  0.000127  -0.000157  -0.000244
 -0.011529   0.012010  -0.003202
  0.127600  -0.214030   0.021984
  0.000125  -0.000341   0.000015
 -0.000053  -0.000297  -0.000037
   24    3  0.0000  0.0000  0.0200
 -0.002250   0.006120  -0.001801
  0.019532  -0.024277   0.027405
 -0.000817  -0.002797   0.002033
  0.000159   0.000760   0.001227
  0.008780  -0.011396  -0.003130
 -0.001194  -0.000492   0.001575
 -0.000433  -0.000248   0.000823
  0.000110  -0.000096  -0.000486
 -0.002579   0.003143   0.005299
 -0.000931  -0.001487  -0.000538
  0.000364  -0.000529  -0.000430
  0.002108  -0.002392   0.000033
  0.000632   0.000217  -0.000864
  0.000198   0.000133   0.000034
 -0.000065   0.000013  -0.000096
 -0.001046   0.001438  -0.000803
 -0.000044   0.000266  -0.000357
 -0.000004  -0.000069  -0.000258
  0.000229   0.000173  -0.000414
  0.000235   0.000435   0.000076
  0.000174   0.000571   0.000051
 -0.000228   0.000195  -0.000001
 -0.005304   0.009255  -0.000884
 -0.017292   0.021564  -0.027686
 -0.000132  -0.000156  -0.000329
 -0.000203  -0.000341  -0.000481
   25    1  0.0200  0.0000  0.0000
 -0.003961   0.005317  -0.001152
 -0.000556  -0.000767  -0.000018
  0.002384   0.000452   0.001431
  0.104079  -0.113495   0.010987
 -0.000009   0.000177   0.000338
  0.000251   0.000223   0.000740
  0.001027  -0.001916  -0.002075
 -0.000582   0.001280   0.000852
 -0.000065  -0.000077  -0.000138
  0.001135  -0.000187   0.000650
 -0.000043  -0.000031   0.000035
  0.000030   0.000002  -0.000014
 -0.000175  -0.000091  -0.000403
 -0.000201  -0.000080  -0.000048
  0.000083  -0.000720  -0.000113
 -0.000539   0.000200  -0.000015
 -0.000779   0.001360  -0.000142
 -0.000092  -0.000183   0.000124
 -0.000132   0.000024   0.000210
 -0.000562  -0.000061   0.000120
 -0.000321  -0.000006   0.000073
 -0.000080  -0.000105  -0.000126
 -0.000032   0.000155   0.000060
  0.000013   0.000035  -0.000203
 -0.111078   0.126180  -0.013802
  0.010203  -0.017687   0.002629
   25    2  0.0000  0.0200  0.0000
 -0.009244   0.006405  -0.004620
 -0.001327   0.000550   0.000708
  0.004630  -0.000273   0.002534
 -0.123805   0.210884  -0.022900
  0.000235   0.000164   0.000297
  0.000014  -0.000211   0.001026
 -0.001161   0.002718   0.002549
  0.000731  -0.000573  -0.000828
 -0.000602  -0.000059   0.000052
 -0.000310   0.000641   0.000031
  0.000150  -0.000050  -0.000044
  0.000212   0.000013  -0.000152
 -0.000056   0.000110  -0.000520
 -0.000100  -0.000123   0.000030
 -0.000270  -0.000041   0.000025
 -0.000405   0.000069  -0.000146
 -0.001273   0.001637  -0.000469
  0.000323  -0.000196   0.000383
 -0.000097  -0.000417  -0.000336
  0.000071  -0.000268  -0.000049
  0.000311  -0.000380  -0.000081
  0.000054  -0.000119  -0.000207
  0.000461  -0.000186  -0.000179
  0.000649  -0.000360  -0.000186
  0.125851  -0.217708   0.024394
  0.004959  -0.002228  -0.001313
   25    3  0.0000  0.0000  0.0200
 -0.004927   0.004426  -0.001889
 -0.000824   0.000134   0.001259
  0.002965  -0.000359   0.002115
  0.015037  -0.027193   0.027399
  0.000408   0.000270   0.000840
  0.000860   0.000920   0.001608
  0.007260  -0.012439  -0.003102
 -0.002009   0.003502   0.005311
  0.000058  -0.000138  -0.000476
  0.001713   0.000278  -0.000509
 -0.000200  -0.000122   0.000044
  0.000015   0.000072  -0.000056
 -0.000424  -0.000490  -0.000861
  0.000366  -0.000512  -0.000424
  0.001422  -0.002838   0.000051
 -0.000238   0.000173  -0.000340
 -0.000938   0.001614  -0.000764
  0.000079   0.000002  -0.000193
 -0.000088   0.000316   0.000015
 -0.000491  -0.000041   0.000084
 -0.000592   0.000071   0.000065
 -0.000250  -0.000128  -0.000402
  0.000429   0.000089  -0.000452
  0.000205   0.000070  -0.000316
 -0.013624   0.024119  -0.028069
 -0.006211   0.008206  -0.000937
   26    1  0.0200  0.0000  0.0000
  0.004806  -0.002067  -0.006166
 -0.001645   0.001678   0.002885
  0.001586  -0.000330   0.000347
  0.232450   0.031768  -0.101038
  0.000318   0.000007   0.000814
 -0.000018   0.000250   0.000314
 -0.001023  -0.000389   0.002392
  0.000338   0.000319  -0.000700
  0.000200  -0.000238  -0.000201
  0.000284  -0.000028   0.000764
 -0.000067   0.000013  -0.000015
 -0.000073   0.000126   0.000003
 -0.000066  -0.000042  -0.000183
 -0.000245   0.000028   0.000019
 -0.000181   0.000041   0.000084
 -0.000542   0.000300   0.000043
 -0.000471   0.000458  -0.000034
 -0.000087   0.000193   0.000393
 -0.000181  -0.000009  -0.000238
 -0.000571  -0.000226   0.000356
 -0.000276   0.000018   0.000004
 -0.000145  -0.000002  -0.000446
  0.001146   0.000194  -0.000955
  0.000039  -0.000034  -0.000233
  0.009623   0.004847  -0.006174
 -0.245199  -0.036873   0.107964
   26    2  0.0000  0.0200  0.0000
  0.008695  -0.000784  -0.007615
 -0.001552   0.002987   0.003898
  0.000615  -0.000996   0.000018
  0.041701   0.035055  -0.022384
  0.000376  -0.000252   0.000844
  0.000151   0.000135   0.000311
  0.002915   0.000576  -0.000132
  0.000117   0.000186   0.000477
  0.000166  -0.000301  -0.000157
 -0.000794   0.000363  -0.000679
 -0.000058   0.000042  -0.000020
 -0.000060   0.000148  -0.000014
 -0.000107  -0.000021  -0.000159
 -0.000077  -0.000042  -0.000042
  0.000038  -0.000281  -0.000002
 -0.000294   0.000232  -0.000009
 -0.000169   0.000105   0.000017
 -0.000060  -0.000023   0.000320
 -0.000113  -0.000193  -0.000146
  0.000267  -0.000273  -0.000210
  0.000186  -0.000174  -0.000064
 -0.000080   0.000120  -0.000493
  0.002025   0.000266  -0.001106
  0.000460  -0.000261  -0.000347
 -0.017570  -0.001918   0.008080
 -0.036779  -0.034696   0.019614
   26    3  0.0000  0.0000  0.0200
  0.005586   0.000278  -0.003635
 -0.000888   0.001584   0.002702
  0.000547  -0.000856   0.000550
 -0.104893  -0.018177   0.074393
  0.000681   0.001000   0.001564
  0.000391   0.000251   0.000783
 -0.014937  -0.002140   0.000892
 -0.001201   0.001673   0.000584
 -0.000361   0.000021  -0.000377
  0.006156  -0.000097   0.003379
  0.000085  -0.000192   0.000016
  0.000023   0.000037  -0.000096
 -0.000161  -0.000186  -0.000428
  0.000485  -0.000508  -0.000174
  0.000435  -0.000610  -0.000106
 -0.000141   0.000152  -0.000199
 -0.000164   0.000352  -0.000201
 -0.000124  -0.000090  -0.000076
  0.000398   0.000129   0.000166
 -0.003014  -0.000868   0.001144
 -0.000737  -0.000020  -0.000175
 -0.000411  -0.000536  -0.000865
  0.001527   0.000606  -0.001142
  0.000252  -0.000141  -0.000417
  0.002474  -0.001159  -0.000953
  0.107991   0.019496  -0.077329
