    3   26   78
  28.085  72.610   1.000
    1    1  0.0200  0.0000  0.0000
 -0.307148   0.002570  -0.019641
  0.138880   0.015999  -0.046267
  0.072854  -0.063598   0.004014
  0.061107   0.052118   0.025327
 -0.008156   0.000989  -0.006539
 -0.000628  -0.000012   0.004732
  0.001118   0.000570  -0.001025
 -0.003030   0.002062   0.001122
 -0.002533  -0.002671   0.000108
 -0.000595  -0.001087   0.003588
  0.000675  -0.000405  -0.000199
  0.001422  -0.000858  -0.000261
 -0.000056   0.000469  -0.002254
 -0.000086  -0.000088   0.000045
 -0.000473  -0.000080  -0.000173
  0.007330  -0.011603   0.001831
 -0.006340   0.007872  -0.001412
  0.031611  -0.007274   0.037678
  0.000008   0.000152  -0.001768
  0.001243   0.001041   0.000188
  0.000590   0.000510   0.000016
  0.000912  -0.001167   0.005599
  0.005152   0.001341  -0.002668
  0.006527   0.000786  -0.003487
 -0.006293  -0.008407  -0.005157
  0.005909   0.010771   0.006605
    1    2  0.0000  0.0200  0.0000
  0.002609  -0.310558   0.025022
  0.019063   0.033091  -0.008564
 -0.063372   0.124208  -0.005759
  0.048983   0.114642   0.040086
  0.002012  -0.000228  -0.001319
 -0.000070  -0.000431  -0.007035
  0.000452  -0.004091  -0.001076
  0.002211   0.000008   0.000539
 -0.002707  -0.000199  -0.000480
 -0.002052  -0.007949   0.005282
 -0.000409   0.000081   0.000039
 -0.000871  -0.000064   0.000366
  0.000506  -0.000483   0.003363
 -0.000088   0.000882   0.000255
 -0.000117   0.001918   0.000411
  0.002371  -0.004815   0.000810
 -0.006083   0.008799  -0.001515
 -0.007314   0.036367  -0.051314
 -0.000932   0.001008  -0.005269
  0.001077   0.000422  -0.000248
  0.000483   0.000164   0.000076
 -0.000092   0.000351  -0.000341
  0.011185   0.001266  -0.006215
 -0.013291  -0.003176   0.007074
  0.005910   0.008977   0.005740
  0.000536  -0.000192   0.000070
    1    3  0.0000  0.0000  0.0200
 -0.019651   0.025092  -0.437558
 -0.061131  -0.009507   0.058923
  0.012614  -0.018650   0.033626
  0.031263   0.052863   0.057748
 -0.011260  -0.001575   0.003732
  0.007432  -0.010989  -0.003701
 -0.000524  -0.000928  -0.000298
  0.001012   0.000131  -0.000475
  0.000002   0.000040  -0.000476
  0.005701   0.009717   0.003703
 -0.000235  -0.000003  -0.000054
 -0.000313   0.000324  -0.000035
  0.000524  -0.000854   0.005288
  0.000085   0.000232  -0.000058
 -0.000114   0.000400  -0.000025
 -0.005275   0.008100  -0.001380
 -0.005531   0.008068  -0.001366
  0.037543  -0.051074   0.290822
  0.000377  -0.000732   0.003457
  0.000088  -0.000163  -0.000268
 -0.000038   0.000066  -0.000057
  0.000667  -0.000654   0.003354
  0.009465   0.001270  -0.005215
  0.004177   0.000774  -0.002308
 -0.002218  -0.003667  -0.002263
 -0.004660  -0.008281  -0.005114
    2    1  0.0200  0.0000  0.0000
  0.138686   0.019052  -0.061385
 -0.395292   0.016196  -0.044874
  0.006895  -0.004136   0.000271
  0.005236   0.004682   0.003163
  0.033907  -0.004787   0.023122
 -0.001036   0.000296   0.001989
  0.000661   0.000073  -0.000513
 -0.000915   0.001342   0.008205
 -0.000565  -0.003872   0.005247
 -0.000750  -0.001164   0.001762
  0.000120   0.000280  -0.000539
  0.002060  -0.002591   0.000036
  0.000190   0.000191  -0.001178
  0.000055   0.000017  -0.000012
 -0.000314   0.000053  -0.000149
 -0.000845   0.000843  -0.000337
 -0.000922   0.001425  -0.000302
 -0.005989  -0.000951   0.002734
  0.000041   0.000194  -0.001170
  0.001417   0.002024   0.000912
  0.000208  -0.000085  -0.000513
 -0.002802   0.003554  -0.017115
  0.097626   0.094012   0.061147
  0.124073  -0.124064   0.021425
 -0.000728  -0.001334  -0.000933
 -0.001019  -0.001248  -0.000991
    2    2  0.0000  0.0200  0.0000
  0.015894   0.033180  -0.009510
  0.016260  -0.482480  -0.035246
 -0.010522  -0.008599   0.007627
  0.010836  -0.001138  -0.006807
 -0.001505   0.036211  -0.027177
  0.000597   0.000313   0.001526
  0.000060   0.001363  -0.000002
 -0.000880  -0.000071  -0.013147
 -0.001453  -0.009428   0.011969
 -0.001667   0.000427   0.000326
  0.000598  -0.000029   0.000855
 -0.002301   0.003560  -0.000101
  0.000044  -0.000052  -0.000591
  0.000124  -0.000419  -0.000074
 -0.000053  -0.000397  -0.000149
 -0.003213   0.005297  -0.000975
  0.000808   0.000786  -0.000296
  0.002666   0.000924  -0.001169
  0.000449  -0.000057  -0.000335
  0.002959   0.004940   0.002397
 -0.000060   0.000985  -0.000716
 -0.000313   0.000914  -0.001887
  0.103300   0.192385   0.096697
 -0.133305   0.217825  -0.025161
 -0.000992   0.000192   0.000045
  0.001670   0.003369   0.001899
    2    3  0.0000  0.0000  0.0200
 -0.046067  -0.008639   0.058860
 -0.044849  -0.035487  -0.337781
 -0.000099   0.006310  -0.003356
  0.004823  -0.005411  -0.009234
  0.008119  -0.028461   0.160831
  0.001978   0.001280  -0.002955
 -0.000452  -0.000019   0.001209
  0.006622  -0.007232  -0.004218
  0.005679   0.005952   0.004595
  0.001548   0.000482  -0.003355
 -0.001257   0.001468   0.000392
 -0.003138   0.003762  -0.000348
 -0.001214  -0.000454   0.001578
 -0.000413  -0.000050  -0.000169
  0.000193  -0.000145   0.000184
  0.001809  -0.002731   0.000802
  0.000235  -0.000789   0.000647
 -0.015024  -0.002203   0.006917
 -0.001062  -0.000402   0.001515
 -0.001621  -0.001894  -0.000977
 -0.001262  -0.001443  -0.000595
  0.000427  -0.000640   0.003659
  0.063661   0.092111   0.084781
  0.018943  -0.020050   0.033053
 -0.000092   0.000633   0.001081
  0.002513   0.004053   0.002884
    3    1  0.0200  0.0000  0.0000
  0.072937  -0.063154   0.012617
  0.006901  -0.010521  -0.000187
 -0.449826  -0.063256   0.032008
 -0.011618   0.003349  -0.005978
 -0.000919   0.001900  -0.000477
  0.033310  -0.004738   0.013658
  0.000005  -0.001931   0.007821
 -0.009694   0.002270  -0.013207
  0.001289   0.000165   0.000316
  0.000258   0.000960  -0.002143
  0.000736  -0.000044   0.000935
  0.006283   0.000597  -0.002517
  0.001555  -0.001610   0.009600
  0.000435  -0.000231  -0.000681
  0.001291   0.001591   0.000840
  0.250218   0.029271  -0.114688
  0.090403   0.100802   0.057061
  0.000458   0.000122   0.000113
  0.000207  -0.000441   0.000921
 -0.000355  -0.000113   0.000231
 -0.000203  -0.000281  -0.000075
  0.000332  -0.000750   0.000638
 -0.000947   0.000548   0.000719
  0.002470   0.000731  -0.001072
  0.003046   0.004503   0.002982
  0.001426   0.000262   0.000566
    3    2  0.0000  0.0200  0.0000
 -0.063329   0.124115  -0.018670
 -0.004074  -0.008566   0.006345
 -0.063251  -0.396377  -0.047324
 -0.003192   0.009894   0.002609
  0.001577  -0.000948   0.002447
 -0.004747   0.037877  -0.021903
 -0.002054  -0.010219   0.010876
  0.002417  -0.000112  -0.002774
  0.000143   0.001169  -0.000452
  0.001409  -0.002169   0.001356
 -0.000394   0.000535   0.000344
 -0.000530   0.000317   0.000177
 -0.001529   0.003011  -0.014666
  0.000116   0.000952  -0.000684
  0.002755   0.005340   0.002452
  0.036258   0.037374  -0.014244
  0.093796   0.195383   0.101725
  0.000273   0.000171  -0.000165
 -0.000660   0.000744  -0.001077
 -0.000066  -0.000257  -0.000355
 -0.000297   0.000010   0.000092
 -0.000565   0.000720  -0.001314
  0.001157   0.001087  -0.000836
  0.004660   0.000899  -0.002814
  0.000516   0.000346  -0.000126
 -0.000389  -0.001293  -0.001020
    3    3  0.0000  0.0000  0.0200
  0.004021  -0.005801   0.033650
  0.000262   0.007627  -0.003674
  0.031778  -0.047182  -0.371348
 -0.007139   0.002430  -0.003732
 -0.000786   0.002241  -0.001864
  0.022135  -0.034892   0.159604
  0.002591   0.006796   0.004745
 -0.007311   0.000154   0.004461
  0.000300  -0.000467   0.000922
 -0.001711   0.001643  -0.001833
  0.001791   0.000079  -0.000520
  0.002212  -0.000052  -0.001135
 -0.000185   0.000341  -0.002564
 -0.000758  -0.001678  -0.000602
 -0.000795  -0.002059  -0.001163
 -0.107630  -0.009700   0.087743
  0.050168   0.097032   0.089165
  0.010120  -0.015027   0.001382
  0.000708  -0.001216   0.000671
 -0.000048   0.000040   0.000160
  0.000224  -0.000282  -0.000255
  0.000812  -0.001195   0.000778
  0.000120  -0.000391   0.000605
 -0.003084  -0.000777   0.002087
  0.001877   0.002566   0.002069
  0.000330  -0.000229   0.000648
    4    1  0.0200  0.0000  0.0000
  0.061152   0.048961   0.031230
  0.005220   0.010733   0.004997
 -0.011574  -0.003172  -0.007107
 -0.464612   0.040363   0.052549
 -0.000390  -0.001795  -0.001161
  0.000691   0.000034  -0.001930
  0.000033  -0.001409   0.008783
  0.001358  -0.000308   0.000109
 -0.008101   0.002506  -0.012920
  0.029464  -0.001329   0.014830
 -0.000344   0.000258   0.000027
 -0.000361   0.000039   0.000232
  0.000045  -0.000032   0.000931
  0.000421   0.000386  -0.000616
  0.001586  -0.002178   0.000116
  0.001019  -0.000218   0.000328
  0.003797  -0.004871   0.000965
  0.000635   0.000023   0.000227
  0.001809  -0.001699   0.007424
  0.006085   0.001210  -0.002339
  0.000862  -0.000237   0.000768
  0.000249   0.000573   0.000800
  0.002890   0.000136  -0.001447
 -0.000781  -0.000907   0.000290
  0.116319  -0.130522   0.014722
  0.252528   0.043455  -0.111806
    4    2  0.0000  0.0200  0.0000
  0.051904   0.114629   0.052949
  0.004643  -0.001161  -0.005440
  0.003323   0.009913   0.002397
  0.040468  -0.423671   0.026709
 -0.001329   0.000469  -0.001409
 -0.000529  -0.001008  -0.001316
  0.000939  -0.000435  -0.012128
 -0.000298   0.000727   0.000407
 -0.000411   0.000073  -0.000594
 -0.004352   0.032889  -0.030981
  0.000187  -0.000094  -0.000002
  0.000093  -0.000328   0.000111
  0.000332   0.000048   0.000909
  0.000155  -0.000151   0.000814
 -0.002297   0.003902   0.000098
  0.000501  -0.001542   0.000177
 -0.000940   0.000815  -0.000038
 -0.003595  -0.005772  -0.002613
  0.002320  -0.001477   0.014694
  0.000149   0.000166   0.000138
 -0.000399   0.000320   0.000214
  0.000271  -0.000221   0.000949
 -0.002806  -0.000556   0.001642
 -0.001298   0.000242   0.000853
 -0.121194   0.228951  -0.028519
  0.034162   0.043271  -0.020019
    4    3  0.0000  0.0000  0.0200
  0.025291   0.040098   0.057740
  0.003143  -0.006786  -0.009523
 -0.006026   0.002583  -0.003682
  0.052292   0.026807  -0.325002
 -0.001191  -0.001185  -0.003475
 -0.001922  -0.001408  -0.003156
  0.003023  -0.007022  -0.003394
  0.000098   0.000336   0.001141
 -0.005760  -0.002868   0.004125
  0.020970  -0.018048   0.152889
  0.000270   0.000387  -0.000133
  0.000036  -0.000242   0.000153
  0.000900   0.001014   0.001703
 -0.000963   0.001731   0.000462
 -0.002182   0.004279  -0.000518
  0.000531  -0.000617   0.000739
  0.001926  -0.002793   0.000949
  0.007565   0.012942   0.006733
 -0.000801  -0.002754   0.003026
  0.002244   0.000903  -0.001203
  0.001761   0.000535  -0.000489
  0.000838   0.000854   0.001745
 -0.004753  -0.000837   0.003080
 -0.000467   0.000249   0.001081
  0.010846  -0.024296   0.032645
 -0.107668  -0.023862   0.082363
    5    1  0.0200  0.0000  0.0000
 -0.008065   0.002039  -0.011163
  0.033767  -0.001513   0.008166
 -0.001008   0.001472  -0.000536
 -0.000430  -0.001286  -0.001018
 -0.416658  -0.020775   0.052875
  0.005787  -0.008412   0.000773
 -0.000570   0.000129   0.000638
  0.075381  -0.070326   0.009133
  0.060629   0.054087   0.032965
  0.004088   0.008335   0.004992
 -0.007040   0.009091  -0.001334
 -0.000719   0.000867  -0.000116
  0.002064   0.000330  -0.000952
 -0.000224  -0.000082  -0.000329
 -0.000054  -0.000074   0.000047
  0.000409  -0.000399   0.000547
  0.000048  -0.000397   0.000128
  0.005530   0.000845  -0.002509
  0.002602   0.000317  -0.001186
 -0.000506  -0.000541  -0.000525
 -0.006615  -0.009478  -0.005920
  0.249712   0.039410  -0.105543
  0.000817  -0.001908   0.009293
  0.000917  -0.002218   0.010861
  0.000042   0.000277   0.000161
  0.000095   0.000212   0.000553
    5    2  0.0000  0.0200  0.0000
  0.001003  -0.000251  -0.001543
 -0.004807   0.036157  -0.028287
  0.001804  -0.000885   0.002203
 -0.001773   0.000467  -0.001170
 -0.020763  -0.308927   0.008251
 -0.004512  -0.007671   0.004695
  0.000049  -0.004180  -0.001101
 -0.056736   0.123560  -0.013475
  0.044486   0.113612   0.051430
  0.005243  -0.001254  -0.003656
 -0.006729   0.009208  -0.000864
 -0.000975   0.001002  -0.000562
  0.004905   0.001035  -0.002350
 -0.000034   0.001921   0.000424
 -0.000021   0.000912   0.000246
 -0.000384   0.000600  -0.001062
 -0.000325   0.000279  -0.000448
 -0.000260   0.000244   0.000126
 -0.003076  -0.000409   0.001203
 -0.002787  -0.005498  -0.002311
  0.005945   0.008535   0.005171
  0.039233   0.033408  -0.018518
  0.001274  -0.003837   0.013973
 -0.001119   0.002086  -0.013445
  0.000192   0.000054   0.000249
  0.000168  -0.000166   0.000820
    5    3  0.0000  0.0000  0.0200
 -0.006607  -0.001301   0.003694
  0.023230  -0.027307   0.160846
 -0.000404   0.002389  -0.001792
 -0.001095  -0.001375  -0.003343
  0.052725   0.008297  -0.329463
 -0.000911   0.006425  -0.002790
  0.000065  -0.001162   0.001311
  0.003877  -0.007928   0.031703
  0.023741   0.045312   0.059287
  0.001812  -0.005693  -0.007630
 -0.004582   0.005680  -0.001127
  0.010109  -0.014466   0.000674
 -0.002678  -0.000473   0.001594
 -0.000339   0.000459  -0.000085
  0.000025   0.000207  -0.000166
  0.000616  -0.001037   0.000537
  0.000267  -0.000404   0.000386
  0.002593   0.000456  -0.001072
 -0.004415  -0.000985   0.002250
  0.007752   0.012773   0.006418
 -0.001447  -0.001518  -0.001594
 -0.105606  -0.018651   0.076270
  0.000347  -0.000684   0.004104
 -0.000088  -0.000040  -0.002118
  0.000359   0.000254   0.000687
  0.000655   0.000772   0.001420
    6    1  0.0200  0.0000  0.0000
 -0.000578  -0.000100   0.007280
 -0.000937   0.000644   0.002040
  0.033182  -0.004802   0.022178
  0.000692  -0.000412  -0.001896
  0.005832  -0.004510  -0.000994
 -0.346209   0.063159  -0.007264
  0.062679   0.043864   0.028145
  0.140695   0.022548  -0.055905
 -0.003079  -0.001853   0.000127
 -0.010009  -0.001976  -0.005352
  0.004189   0.000445  -0.001929
 -0.005655  -0.000777   0.001982
  0.108892  -0.127084   0.013248
  0.006350   0.011701   0.006847
  0.000376   0.001204   0.001069
 -0.003337   0.003699  -0.016432
  0.000570  -0.001987   0.006581
  0.001661  -0.002042   0.000237
  0.003268  -0.004942   0.000326
  0.000621   0.000490  -0.000068
  0.001400   0.000956   0.000114
 -0.000908   0.001425  -0.000109
  0.000176   0.000086  -0.000371
  0.000021   0.000128  -0.000984
  0.000213   0.000006   0.000782
 -0.000105   0.000130   0.000348
    6    2  0.0000  0.0200  0.0000
 -0.000060  -0.000397  -0.010884
  0.000246   0.000259   0.001271
 -0.004768   0.037802  -0.034898
  0.000093  -0.001028  -0.001345
 -0.008567  -0.007633   0.006424
  0.063203  -0.403997   0.009411
  0.056392   0.112376   0.050727
  0.009009   0.034126  -0.005330
 -0.001749  -0.001753  -0.000193
  0.002226   0.008242   0.003477
  0.013176   0.001437  -0.006442
  0.004210   0.000428  -0.002252
 -0.126826   0.221617  -0.020384
 -0.000696  -0.001178  -0.000724
 -0.003662  -0.006095  -0.002921
 -0.000330  -0.000114  -0.000297
  0.001957  -0.004096   0.015104
 -0.002051   0.003310  -0.000243
 -0.000496   0.000706  -0.000191
  0.000448   0.000283   0.000098
  0.000933   0.000571  -0.000156
 -0.003041   0.004965  -0.000598
  0.000006  -0.000106  -0.000262
  0.000120   0.000150  -0.000382
  0.000067  -0.000005   0.000746
  0.000159   0.000130   0.000245
    6    3  0.0000  0.0000  0.0200
  0.004732  -0.007041  -0.003681
  0.001908   0.001490  -0.002996
  0.013657  -0.021921   0.159713
 -0.002048  -0.001321  -0.003094
  0.000734   0.004706  -0.002852
 -0.007358   0.009492  -0.304849
  0.031186   0.043872   0.058539
 -0.050512  -0.011029   0.056009
  0.000426  -0.000661   0.001459
 -0.004386   0.001200  -0.003061
  0.007784   0.000603  -0.004510
 -0.014592  -0.001860   0.006176
  0.013274  -0.020442   0.028628
 -0.003626  -0.006856  -0.004753
  0.007270   0.012502   0.006109
  0.000452  -0.001168   0.004334
  0.000974  -0.000972   0.004580
 -0.002706   0.004057  -0.000275
  0.001460  -0.002592   0.000514
 -0.000067   0.000056  -0.000152
  0.000186  -0.000208  -0.000399
  0.001636  -0.002464   0.000553
 -0.000414  -0.000223   0.000664
 -0.001020  -0.000353   0.001296
  0.000709   0.000820   0.001367
  0.000342   0.000312   0.000682
    7    1  0.0200  0.0000  0.0000
  0.001131   0.000486  -0.000540
  0.000653   0.000056  -0.000398
  0.000078  -0.002136   0.002707
  0.000034   0.000930   0.003084
 -0.000518   0.000062   0.000049
  0.062619   0.056327   0.031142
 -0.436487  -0.020326   0.027385
  0.005006   0.008690   0.006868
  0.006254  -0.009539   0.002365
  0.067079  -0.066353   0.005519
  0.003024   0.000249  -0.001681
 -0.000991  -0.000568   0.000008
 -0.006275  -0.009178  -0.006035
  0.260129   0.035062  -0.098167
  0.042685  -0.006183   0.034796
  0.000295   0.000252  -0.000904
 -0.000210   0.000252  -0.001521
 -0.000571  -0.000146  -0.000240
 -0.004392   0.010392  -0.000282
 -0.001048   0.000346   0.000171
  0.002444   0.000871  -0.001333
 -0.000257  -0.000053  -0.000100
 -0.000278  -0.000038   0.000093
 -0.000223  -0.000046   0.000103
 -0.000415   0.000480  -0.001925
  0.000232   0.000112  -0.001161
    7    2  0.0000  0.0200  0.0000
  0.000572  -0.004134  -0.000878
  0.000021   0.001309  -0.000013
 -0.002007  -0.010028   0.006837
 -0.001317  -0.000347  -0.007021
  0.000078  -0.004169  -0.001172
  0.043929   0.112365   0.044090
 -0.020370  -0.304730   0.036307
  0.007431  -0.001810  -0.004565
 -0.004505  -0.007818   0.003683
 -0.053849   0.120066  -0.005941
 -0.003448   0.000000   0.001381
 -0.001480   0.000374   0.000623
  0.006051   0.009165   0.005412
  0.037639   0.033683  -0.017718
 -0.008511   0.039253  -0.055749
 -0.000115   0.001107  -0.001311
 -0.001154   0.001708  -0.005621
 -0.000183   0.002295   0.000478
 -0.006549   0.007401  -0.001940
  0.001351   0.001029  -0.000740
  0.005288   0.001065  -0.001965
 -0.000011   0.002324   0.000572
  0.000304   0.000074   0.000302
 -0.000375   0.000057  -0.000075
  0.000923  -0.000454   0.003372
  0.000287   0.000215   0.001652
    7    3  0.0000  0.0000  0.0200
 -0.001069  -0.001180  -0.000299
 -0.000471   0.000000   0.001260
  0.007822   0.010876   0.004714
  0.008807  -0.012200  -0.003490
  0.000559  -0.001147   0.001324
  0.028041   0.050579   0.058558
  0.026914   0.036187  -0.471859
  0.001408  -0.007878  -0.008524
 -0.002815   0.007189  -0.002231
  0.008549  -0.012790   0.028189
 -0.004716  -0.000445   0.002311
 -0.000395   0.000352   0.001133
 -0.002208  -0.002767  -0.001352
 -0.108233  -0.018155   0.084286
  0.045448  -0.055105   0.295787
 -0.000793  -0.000317  -0.000948
  0.000251  -0.001073   0.003817
  0.000119   0.000659  -0.000016
 -0.004418   0.007278   0.000265
  0.000114  -0.000445   0.000698
 -0.002711  -0.000554   0.001418
 -0.000399   0.000527  -0.000305
  0.000202   0.000103  -0.000364
  0.000027   0.000135  -0.000430
  0.000670  -0.000581   0.005853
 -0.000702   0.000753   0.000206
    8    1  0.0200  0.0000  0.0000
 -0.003132   0.002199   0.000986
 -0.000819  -0.000816   0.006596
 -0.009625   0.002341  -0.007342
  0.001348  -0.000280   0.000104
  0.075350  -0.056699   0.003883
  0.140565   0.009052  -0.050663
  0.005054   0.007454   0.001499
 -0.338690  -0.051182  -0.043529
 -0.012310   0.001503  -0.005424
 -0.003573   0.001216   0.000960
  0.089103   0.103762   0.053785
  0.033529  -0.005475   0.035569
  0.005791   0.001020  -0.002623
 -0.000735  -0.001879  -0.000620
 -0.000550  -0.001689  -0.000561
  0.001038  -0.001705   0.005623
  0.001039  -0.000431   0.001522
  0.001740  -0.001107  -0.000368
  0.001671  -0.000906  -0.000413
  0.001353   0.000360   0.000562
  0.003423   0.004769   0.002571
  0.007933  -0.012120   0.001728
  0.000398   0.000242  -0.001123
  0.000120   0.000643  -0.002476
 -0.000117  -0.000435   0.000072
  0.000098   0.000162  -0.000317
    8    2  0.0000  0.0200  0.0000
  0.002174  -0.000050   0.000156
  0.001421  -0.000030  -0.007250
  0.002230  -0.000052   0.000127
 -0.000317   0.000722   0.000370
 -0.070197   0.123455  -0.007951
  0.022460   0.034188  -0.011035
  0.008730  -0.001923  -0.007840
 -0.051198  -0.407863  -0.011067
 -0.001759   0.009803  -0.000251
  0.001422  -0.001226  -0.000631
  0.101565   0.200583   0.085242
 -0.003219   0.048631  -0.055611
 -0.014617  -0.002704   0.007487
  0.001713   0.003607   0.002105
 -0.000763   0.000007   0.000273
 -0.000340   0.000370  -0.000756
 -0.000123   0.000330   0.000351
 -0.001085  -0.000027   0.000376
 -0.001004   0.000023   0.000288
 -0.000693  -0.001437  -0.000455
  0.000210   0.000225   0.000522
  0.003544  -0.005598   0.000979
  0.000006   0.000064   0.001613
  0.000118  -0.000760   0.003033
 -0.000094  -0.000012  -0.000134
 -0.000184  -0.000327   0.000060
    8    3  0.0000  0.0000  0.0200
  0.001216   0.000566  -0.000470
  0.008327  -0.013143  -0.004330
 -0.013207  -0.002776   0.004437
  0.000111   0.000401   0.001175
  0.009121  -0.013402   0.031811
 -0.055581  -0.005302   0.056034
  0.006954  -0.004441  -0.008518
 -0.043428  -0.010668  -0.469078
 -0.006648   0.005307  -0.002823
  0.000758  -0.001171   0.001071
  0.058112   0.094517   0.085468
  0.031010  -0.065312   0.293012
  0.003332   0.000824  -0.001225
  0.002232   0.004126   0.002428
 -0.000177   0.000542   0.001167
  0.000897  -0.000703   0.003881
  0.000640   0.000599  -0.000851
 -0.000503   0.000153  -0.000049
 -0.000315   0.000547  -0.000187
  0.000323  -0.000381   0.000702
  0.001566   0.002430   0.001630
 -0.004420   0.007295  -0.000540
 -0.000430   0.001002   0.000046
  0.000376  -0.000909   0.005934
 -0.000126   0.000032  -0.000408
 -0.000140  -0.000135  -0.000317
    9    1  0.0200  0.0000  0.0000
 -0.002569  -0.002761  -0.000045
 -0.000421  -0.001394   0.005713
  0.001292   0.000153   0.000349
 -0.008062  -0.000419  -0.005831
  0.060540   0.044531   0.023628
 -0.003219  -0.001703   0.000305
  0.006229  -0.004590  -0.002591
 -0.012257  -0.001936  -0.006929
 -0.343928   0.075824  -0.024549
  0.133243   0.023575  -0.045870
  0.004200  -0.004927   0.000307
  0.001296  -0.000237   0.000744
  0.001654   0.001078   0.000023
 -0.000742   0.001328   0.000285
 -0.000728   0.001555   0.000207
  0.000051   0.000025  -0.000332
 -0.000172   0.000363   0.000158
  0.001542   0.001391   0.000287
  0.003487  -0.001233  -0.002859
  0.034045  -0.010053   0.036023
  0.115536  -0.131577   0.009362
  0.006547   0.011334   0.007053
  0.000221   0.000395  -0.002025
  0.000442   0.000135  -0.000988
  0.001006  -0.000188   0.001713
  0.000765  -0.000669   0.005862
    9    2  0.0000  0.0200  0.0000
 -0.002816  -0.000318   0.000041
 -0.003927  -0.009427   0.005829
  0.000166   0.001140  -0.000468
  0.002502  -0.000040  -0.003011
  0.053905   0.113510   0.045229
 -0.002092  -0.001761  -0.000707
 -0.009658  -0.008125   0.007189
  0.001513   0.009799   0.005308
  0.075750  -0.416332   0.027728
  0.013904   0.030905  -0.004896
 -0.000576   0.000899  -0.000512
  0.000848  -0.001379  -0.000363
  0.001323   0.000713   0.000083
 -0.002946   0.005704  -0.000483
  0.000590   0.000840  -0.000490
  0.000327  -0.000332  -0.000071
  0.000126  -0.000088   0.000313
  0.001371   0.000434  -0.000265
  0.011628   0.002694  -0.005695
 -0.010237   0.044159  -0.054649
 -0.131224   0.224108  -0.012859
 -0.000189  -0.000305  -0.000684
 -0.000249   0.001211  -0.005534
  0.000110   0.001147  -0.001271
 -0.000157   0.000486   0.000378
  0.000004   0.000356  -0.000140
    9    3  0.0000  0.0000  0.0200
  0.000150  -0.000494  -0.000544
  0.005300   0.011934   0.004621
  0.000330  -0.000468   0.000862
 -0.012865  -0.000570   0.004168
  0.032900   0.051341   0.059319
  0.000231  -0.000244   0.001501
  0.002455   0.003707  -0.002182
 -0.005439  -0.000237  -0.002831
 -0.024393   0.027978  -0.452692
 -0.054872  -0.011040   0.051312
  0.001724  -0.002419   0.000282
  0.000629  -0.000523   0.000596
  0.000110  -0.000228  -0.000593
  0.001512  -0.002364   0.000194
  0.000254  -0.000858   0.000581
 -0.000116   0.000106  -0.000311
 -0.000070   0.000124  -0.000339
  0.000084   0.000030  -0.000211
  0.009527   0.002491  -0.002866
  0.029897  -0.045984   0.299768
  0.014937  -0.021711   0.038286
 -0.004089  -0.008115  -0.004691
  0.000357  -0.001143   0.003856
 -0.000273  -0.000621  -0.001079
  0.000694   0.000012  -0.000853
  0.001025  -0.000703   0.003849
   10    1  0.0200  0.0000  0.0000
 -0.000698  -0.002015   0.005593
 -0.000792  -0.001739   0.001635
  0.000233   0.001353  -0.001721
  0.029598  -0.004280   0.020947
  0.004019   0.005363   0.001828
 -0.010126   0.002279  -0.004365
  0.067042  -0.053621   0.008651
 -0.003682   0.001420   0.000791
  0.133012   0.014089  -0.054913
 -0.306160  -0.048182  -0.027682
  0.001444  -0.000866  -0.000257
  0.000767  -0.000396  -0.000278
  0.003105   0.004315   0.002593
  0.006694  -0.011786   0.001442
  0.000445  -0.001003   0.000241
  0.000053  -0.000315   0.000307
  0.000263  -0.000374   0.000682
  0.001174   0.001493   0.000765
  0.078048   0.093687   0.053944
 -0.005410  -0.001078   0.002410
  0.004552   0.001254  -0.002638
 -0.000933  -0.001874  -0.001035
 -0.000036   0.000315  -0.000998
  0.000229   0.000100  -0.000402
  0.000509  -0.000920   0.007823
 -0.003351   0.002784  -0.015363
   10    2  0.0000  0.0200  0.0000
 -0.001054  -0.008079   0.009714
 -0.001082   0.000427   0.000643
  0.000962  -0.002198   0.001640
 -0.001290   0.032850  -0.017965
  0.008515  -0.001330  -0.005733
 -0.001992   0.008243   0.001223
 -0.066290   0.120000  -0.012809
  0.001303  -0.001197  -0.001171
  0.023473   0.030905  -0.011040
 -0.048233  -0.356401  -0.045810
 -0.000860  -0.000111   0.000403
 -0.000382   0.000176   0.000063
  0.000004  -0.000130  -0.000103
  0.003238  -0.005605   0.000527
  0.000240  -0.000754   0.000268
 -0.000322   0.000381  -0.000412
 -0.000385   0.000569  -0.001053
  0.002566   0.004647   0.002162
  0.093789   0.175745   0.089035
  0.001574  -0.000067  -0.000262
 -0.013561  -0.003355   0.006555
  0.001428   0.003020   0.001721
  0.000197   0.000069  -0.000353
  0.000129  -0.000072  -0.000204
 -0.001705   0.001910  -0.014028
 -0.000261   0.000355  -0.003009
   10    3  0.0000  0.0000  0.0200
  0.003608   0.005377   0.003662
  0.001735   0.000262  -0.003471
 -0.002174   0.001315  -0.001863
  0.014821  -0.030997   0.152961
  0.004933  -0.003614  -0.007714
 -0.005392   0.003478  -0.003080
  0.005398  -0.005920   0.028180
  0.000971  -0.000588   0.001054
 -0.045560  -0.004886   0.051280
 -0.027744  -0.045621  -0.303576
 -0.000246   0.000386  -0.000012
 -0.000209   0.000064  -0.000068
  0.001514   0.002229   0.001664
 -0.003074   0.005808  -0.001066
  0.008886  -0.013872   0.000280
  0.000279  -0.000418   0.000457
  0.000743  -0.000989   0.000498
 -0.001406  -0.002309  -0.001098
  0.054019   0.089004   0.072482
 -0.014071  -0.002373   0.005551
  0.001791   0.000734  -0.001199
  0.002170   0.003787   0.002570
 -0.000999  -0.000285   0.001293
 -0.000377  -0.000216   0.000762
 -0.000358   0.000303  -0.002451
  0.000743  -0.000657   0.002903
   11    1  0.0200  0.0000  0.0000
  0.000719  -0.000387  -0.000279
  0.000088   0.000575  -0.001159
  0.000731  -0.000426   0.001827
 -0.000335   0.000166   0.000292
 -0.006959  -0.006712  -0.004581
  0.004193   0.013130   0.007837
  0.003014  -0.003434  -0.004746
  0.089060   0.101230   0.058106
  0.004231  -0.000559   0.001695
  0.001440  -0.000846  -0.000168
 -0.092018  -0.107033  -0.060311
  0.000486   0.002012   0.001218
 -0.000745  -0.000596   0.000070
  0.000807   0.002564   0.001290
 -0.000237   0.000387   0.000326
 -0.000261   0.000036  -0.000580
 -0.000310   0.000103  -0.000582
 -0.000404   0.000193   0.000065
 -0.000764   0.000493   0.000151
 -0.000418  -0.000070  -0.000132
 -0.001513  -0.001634  -0.000724
 -0.000500   0.000859   0.000006
 -0.000104  -0.000003   0.000294
 -0.000095  -0.000069   0.000247
  0.000012   0.000062  -0.000206
 -0.000118  -0.000042   0.000043
   11    2  0.0000  0.0200  0.0000
 -0.000424   0.000121  -0.000020
  0.000275  -0.000036   0.001485
 -0.000017   0.000470   0.000066
  0.000293  -0.000089   0.000379
  0.009095   0.009245   0.005675
  0.000499   0.001439   0.000598
  0.000160   0.000043  -0.000480
  0.103589   0.200176   0.094628
 -0.005085   0.000879  -0.002381
 -0.000852  -0.000086   0.000411
 -0.107154  -0.205526  -0.097809
 -0.002935  -0.005922  -0.002185
  0.000530  -0.000371  -0.000245
  0.000059  -0.000312   0.000163
  0.000076  -0.000088   0.000091
  0.000009  -0.000236  -0.000017
 -0.000002  -0.000167  -0.000133
  0.000198  -0.000092  -0.000068
  0.000452  -0.000042  -0.000169
  0.000410   0.000021   0.000249
  0.001436   0.001547   0.001025
 -0.000392  -0.000678  -0.000032
 -0.000084  -0.000117  -0.000555
 -0.000128  -0.000157  -0.000391
  0.000013  -0.000069  -0.000088
 -0.000022   0.000048  -0.000197
   11    3  0.0000  0.0000  0.0200
 -0.000208   0.000034  -0.000072
 -0.000594   0.000885   0.000506
  0.001020   0.000284  -0.000603
  0.000088   0.000002  -0.000159
 -0.001177  -0.000767  -0.001143
 -0.001942  -0.006329  -0.004434
 -0.001644   0.001272   0.002198
  0.053745   0.085170   0.085578
  0.000331  -0.000462   0.000153
 -0.000213   0.000451  -0.000025
 -0.060865  -0.098660  -0.089348
  0.011704   0.019391   0.009919
  0.000305   0.000392  -0.000168
 -0.000807  -0.001066  -0.000686
 -0.000047  -0.000210  -0.000438
 -0.000224   0.000045  -0.000181
  0.000034   0.000055   0.000095
  0.000108  -0.000062   0.000093
  0.000135  -0.000190  -0.000057
 -0.000068  -0.000058  -0.000324
  0.000153  -0.000201  -0.000297
  0.000042   0.000098  -0.000086
  0.000085   0.000049  -0.000134
  0.000066  -0.000068  -0.000474
 -0.000001  -0.000038   0.000061
 -0.000027  -0.000018   0.000025
   12    1  0.0200  0.0000  0.0000
  0.001420  -0.000837  -0.000301
  0.001948  -0.002322  -0.003123
  0.006188  -0.000494   0.002255
 -0.000414   0.000110   0.000043
 -0.000699  -0.001081   0.010161
 -0.005529   0.004312  -0.014655
 -0.001001  -0.001484  -0.000464
  0.033663  -0.003034   0.031111
  0.001239   0.000839   0.000628
  0.000751  -0.000351  -0.000185
  0.000277  -0.002898   0.011344
 -0.033722   0.005768  -0.036369
 -0.000452  -0.000450   0.000730
  0.000058   0.000264   0.000214
  0.000110   0.000421   0.000259
 -0.000622   0.000987  -0.003059
 -0.000556   0.000020  -0.000439
 -0.000870   0.000473   0.000183
 -0.000377   0.000220   0.000091
 -0.000374  -0.000262  -0.000196
 -0.000360  -0.000420  -0.000271
 -0.000239   0.000573  -0.000406
 -0.000236   0.000169   0.000261
 -0.000212  -0.000607   0.002182
  0.000049   0.000141   0.000002
 -0.000042  -0.000058   0.000005
   12    2  0.0000  0.0200  0.0000
 -0.000906  -0.000091   0.000213
 -0.002669   0.003547   0.003791
  0.000711   0.000139  -0.000011
  0.000026  -0.000319  -0.000236
  0.000715   0.000969  -0.014494
 -0.000705   0.000311  -0.001942
 -0.000524   0.000317   0.000348
 -0.005546   0.048341  -0.065189
 -0.000227  -0.001430  -0.000478
 -0.000361   0.000141   0.000149
  0.002526  -0.005198   0.019671
  0.005446  -0.045753   0.061185
  0.000449  -0.000185  -0.000064
 -0.000011  -0.000302  -0.000100
  0.000082  -0.000087  -0.000022
  0.000036  -0.000334  -0.000224
 -0.000043  -0.000126  -0.000223
  0.000488  -0.000040  -0.000135
  0.000231  -0.000004  -0.000043
  0.000234   0.000259   0.000213
  0.000048   0.000060   0.000147
 -0.000062  -0.000404   0.000532
  0.000083  -0.000264  -0.000563
 -0.000135   0.000335  -0.002594
  0.000069  -0.000011   0.000029
  0.000045   0.000129   0.000038
   12    3  0.0000  0.0000  0.0200
 -0.000295   0.000377  -0.000037
 -0.000081  -0.000094  -0.000244
 -0.002504   0.000174  -0.001163
  0.000236   0.000165   0.000201
 -0.000119  -0.000596   0.000603
  0.001947  -0.002225   0.006156
  0.000019   0.000603   0.001140
  0.035539  -0.055699   0.292992
  0.000391  -0.000368   0.000690
 -0.000225   0.000061  -0.000057
  0.001202  -0.002196   0.008825
 -0.036456   0.061253  -0.307369
 -0.000248   0.000253  -0.000320
 -0.000226  -0.000256  -0.000421
 -0.000138  -0.000232  -0.000450
  0.000362  -0.000355   0.000906
  0.000140  -0.000030  -0.000005
  0.000175  -0.000197   0.000004
  0.000062  -0.000091  -0.000078
 -0.000078  -0.000054  -0.000326
 -0.000057  -0.000148  -0.000338
  0.000413  -0.000277  -0.000240
  0.000023  -0.000004  -0.000121
  0.000002   0.000092  -0.000178
 -0.000059  -0.000108  -0.000080
 -0.000026  -0.000050  -0.000091
   13    1  0.0200  0.0000  0.0000
 -0.000016   0.000523   0.000514
  0.000151   0.000057  -0.001223
  0.001539  -0.001527  -0.000182
  0.000022   0.000375   0.000955
  0.002043   0.004906  -0.002653
  0.108762  -0.126446   0.013256
 -0.006282   0.005998  -0.002207
  0.005857  -0.014569   0.003334
  0.001667   0.001333   0.000140
  0.003160   0.000005   0.001546
 -0.000740   0.000509   0.000377
 -0.000598   0.000407  -0.000236
 -0.112420   0.132058  -0.013870
 -0.000401  -0.000639  -0.000378
 -0.000237  -0.000399  -0.000118
 -0.000235   0.000038   0.000573
 -0.000127   0.000213  -0.000140
 -0.000344  -0.000399  -0.000048
 -0.001383   0.001502  -0.000066
 -0.000351  -0.000282  -0.000041
 -0.000801  -0.000604  -0.000049
  0.001115  -0.002664   0.000319
 -0.000079  -0.000045   0.000227
 -0.000081  -0.000142   0.000533
 -0.000132  -0.000084  -0.000439
 -0.000091  -0.000125  -0.000126
   13    2  0.0000  0.0200  0.0000
  0.000508  -0.000554  -0.001018
  0.000225   0.000039  -0.000424
 -0.001721   0.002956   0.000403
 -0.000124   0.000114   0.000965
  0.000398   0.000975  -0.000468
 -0.127228   0.221887  -0.020501
 -0.009199   0.009351  -0.002754
  0.001055  -0.002703   0.000741
  0.001087   0.000758  -0.000297
  0.004435  -0.000146   0.002322
 -0.000568  -0.000210   0.000320
 -0.000335  -0.000163   0.000164
  0.132651  -0.231474   0.021425
  0.000528  -0.000406  -0.000148
  0.000318  -0.000392   0.000416
  0.000270  -0.000192  -0.000173
 -0.000011  -0.000252  -0.000570
 -0.000422   0.000093   0.000219
 -0.001532   0.001744  -0.000270
 -0.000260  -0.000094  -0.000016
 -0.000523  -0.000387   0.000104
  0.000656  -0.000839  -0.000149
 -0.000056   0.000054   0.000098
 -0.000063  -0.000104   0.000208
  0.000008  -0.000081  -0.000443
 -0.000097   0.000026  -0.000151
   13    3  0.0000  0.0000  0.0200
 -0.002270   0.003351   0.005213
 -0.001143  -0.000557   0.001561
  0.009639  -0.014740  -0.002585
  0.000933   0.000915   0.001635
 -0.001000  -0.002408   0.001586
  0.013110  -0.020202   0.028592
 -0.005973   0.005518  -0.001440
 -0.002698   0.007498  -0.001354
 -0.000015   0.000074  -0.000588
  0.002674  -0.000095   0.001617
  0.000050  -0.000254  -0.000144
  0.000737  -0.000055  -0.000193
 -0.013702   0.020920  -0.028984
  0.000277  -0.000059  -0.000127
 -0.000198  -0.000648  -0.000170
 -0.000676   0.000410  -0.000552
 -0.000131   0.000817  -0.000650
  0.001991  -0.002982   0.000086
 -0.000786   0.001468  -0.000619
  0.000011   0.000023  -0.000025
 -0.000061   0.000053   0.000169
 -0.000969   0.001297  -0.000679
  0.000229   0.000103  -0.000351
  0.000541   0.000199  -0.000782
 -0.000386  -0.000467  -0.000839
 -0.000183  -0.000179  -0.000377
   14    1  0.0200  0.0000  0.0000
 -0.000097  -0.000062   0.000143
  0.000073   0.000117  -0.000441
  0.000350   0.000206  -0.000726
  0.000354   0.000078  -0.001011
 -0.000244  -0.000018  -0.000427
  0.006454  -0.000749  -0.003702
  0.259861   0.037447  -0.108809
 -0.000830   0.001796   0.002263
 -0.000854  -0.003091   0.001577
  0.006681   0.003358  -0.003181
  0.000848   0.000008  -0.000703
  0.000091  -0.000100  -0.000061
 -0.000313   0.000446   0.000133
 -0.268035  -0.038881   0.112408
 -0.004908  -0.000619   0.001539
 -0.000106  -0.000075   0.000374
 -0.000179   0.000003   0.000289
  0.000046   0.000013   0.000047
 -0.000243  -0.000435  -0.000032
  0.000133   0.000192  -0.000125
  0.001108   0.000478  -0.000659
  0.000073   0.000041   0.000196
 -0.000005  -0.000106   0.000109
 -0.000028   0.000070   0.000129
 -0.000179  -0.000052   0.000300
 -0.000053  -0.000066   0.000369
   14    2  0.0000  0.0200  0.0000
 -0.000095   0.000855   0.000266
  0.000070  -0.000430  -0.000026
 -0.000188   0.000968  -0.001690
  0.000358  -0.000222   0.001730
 -0.000038   0.001873   0.000429
  0.011909  -0.001160  -0.006840
  0.035150   0.033888  -0.018419
 -0.001891   0.003620   0.004252
  0.001304   0.005509  -0.002329
 -0.011753  -0.005564   0.005748
  0.002720  -0.000198  -0.001103
  0.000307  -0.000331  -0.000235
 -0.000663  -0.000364  -0.000100
 -0.039718  -0.034274   0.019552
  0.004727  -0.000290  -0.002367
  0.000129  -0.000292   0.000477
  0.000040  -0.000293   0.000593
  0.000069  -0.000481  -0.000159
  0.000654  -0.000403   0.000076
 -0.000246  -0.000536   0.000357
 -0.002900  -0.000739   0.000989
  0.000009  -0.001145  -0.000221
 -0.000056  -0.000030  -0.000136
  0.000049   0.000035   0.000088
 -0.000032   0.000063  -0.000440
  0.000083  -0.000059  -0.000492
   14    3  0.0000  0.0000  0.0200
  0.000042   0.000241  -0.000063
 -0.000025  -0.000081  -0.000166
 -0.000670  -0.000711  -0.000682
 -0.000627   0.000838   0.000439
 -0.000219   0.000413  -0.000121
  0.006815  -0.000622  -0.004699
 -0.097872  -0.017515   0.084244
 -0.000592   0.002108   0.002364
  0.000352  -0.000464   0.000100
  0.001317   0.000503  -0.001121
  0.001434   0.000365  -0.000719
  0.000216  -0.000036  -0.000493
 -0.000451   0.000025  -0.000137
  0.112473   0.019029  -0.087071
 -0.022424  -0.003704   0.009441
  0.000004  -0.000012   0.000093
  0.000015   0.000148  -0.000168
  0.000018  -0.000136   0.000032
 -0.000104  -0.000027  -0.000123
  0.000104   0.000046  -0.000281
  0.000083  -0.000115  -0.000275
  0.000118  -0.000242  -0.000015
  0.000020   0.000015   0.000020
  0.000019   0.000011   0.000046
 -0.000003  -0.000040  -0.000496
 -0.000043  -0.000037  -0.000148
   15    1  0.0200  0.0000  0.0000
 -0.000488  -0.000132  -0.000048
 -0.000296  -0.000047   0.000216
  0.001219   0.002824  -0.000868
  0.001571  -0.002318  -0.002272
 -0.000016  -0.000016  -0.000002
  0.000363  -0.003661   0.007299
  0.042758  -0.008376   0.045327
 -0.000573  -0.000726  -0.000174
 -0.000790   0.000535   0.000232
  0.000365   0.000301   0.008850
 -0.000135   0.000146   0.000029
  0.000126   0.000083  -0.000123
 -0.000216   0.000355  -0.000222
 -0.004699   0.004528  -0.022329
 -0.038929   0.007342  -0.038939
 -0.000239  -0.000195   0.000325
 -0.000066  -0.000256   0.001309
  0.000203   0.000070   0.000058
 -0.000262  -0.000210  -0.000313
  0.000146   0.000018  -0.000145
 -0.000098  -0.000122  -0.000048
  0.000071   0.000023  -0.000020
  0.000104  -0.000023  -0.000064
  0.000082   0.000067  -0.000042
  0.000024  -0.000263   0.001536
 -0.000225   0.000050   0.000426
   15    2  0.0000  0.0200  0.0000
 -0.000074   0.001874   0.000371
  0.000076  -0.000411  -0.000144
  0.001634   0.005209  -0.002076
 -0.002222   0.003869   0.004342
 -0.000079   0.000875   0.000202
  0.001239  -0.005995   0.012554
 -0.006237   0.039407  -0.055008
 -0.001684  -0.000034   0.000571
  0.001526   0.000836  -0.000857
 -0.001095  -0.000816  -0.013922
  0.000428  -0.000004  -0.000193
  0.000412  -0.000110  -0.000255
 -0.000514  -0.000283  -0.000647
 -0.000210  -0.000308  -0.003880
  0.007220  -0.039749   0.058687
 -0.000101  -0.000484   0.000346
  0.000737  -0.000940   0.002782
  0.000041  -0.001148  -0.000221
  0.000377  -0.000398   0.000335
 -0.000442  -0.000262   0.000218
 -0.000511  -0.000269   0.000332
  0.000056  -0.000509  -0.000095
 -0.000143  -0.000046   0.000021
  0.000085   0.000005   0.000010
 -0.000622   0.000026  -0.003016
  0.000103  -0.000337  -0.000456
   15    3  0.0000  0.0000  0.0200
 -0.000216   0.000459  -0.000016
 -0.000230  -0.000147   0.000195
  0.000849   0.002445  -0.001181
  0.000070   0.000155  -0.000418
  0.000040   0.000231  -0.000100
  0.001126  -0.002943   0.006125
  0.034805  -0.055711   0.295790
 -0.000555   0.000233   0.001181
  0.000200  -0.000488   0.000675
  0.000304   0.000263   0.000295
  0.000339   0.000112  -0.000411
  0.000274   0.000035  -0.000440
 -0.000110   0.000344  -0.000294
  0.001574  -0.001942   0.008358
 -0.039269   0.058362  -0.309401
 -0.000017  -0.000145   0.000009
  0.000189  -0.000496   0.000941
  0.000117  -0.000262   0.000010
  0.000096  -0.000484  -0.000221
  0.000090   0.000054  -0.000299
  0.000172   0.000013  -0.000295
  0.000057  -0.000095  -0.000051
  0.000056   0.000005  -0.000067
  0.000128   0.000012  -0.000065
 -0.000090   0.000021  -0.000198
 -0.000002  -0.000031  -0.000123
   16    1  0.0200  0.0000  0.0000
  0.007133   0.002334  -0.005279
 -0.000832  -0.003200   0.001823
  0.250201   0.036341  -0.107828
  0.001330   0.000579   0.000551
  0.000277  -0.000425   0.000701
 -0.003347  -0.000329   0.000425
  0.000343  -0.000101  -0.000790
  0.001138  -0.000349   0.000907
  0.000116   0.000332  -0.000048
  0.000099  -0.000324   0.000290
 -0.000242   0.000031  -0.000042
 -0.000865   0.000042   0.000359
 -0.000232   0.000261  -0.000549
 -0.000227   0.000011   0.000067
 -0.000266  -0.000034  -0.000025
 -0.262670  -0.036615   0.115869
  0.008639   0.001315  -0.004772
 -0.000371  -0.000011   0.000359
 -0.000131   0.000097  -0.000154
 -0.000069  -0.000106  -0.000084
 -0.000080  -0.000006   0.000010
 -0.000159   0.000253  -0.000383
 -0.000013   0.000182  -0.000147
  0.001156   0.000396  -0.000982
 -0.000445  -0.000386  -0.000138
 -0.000484  -0.000290  -0.000140
   16    2  0.0000  0.0200  0.0000
 -0.011596  -0.004727   0.008011
  0.000844   0.005199  -0.002713
  0.029465   0.037275  -0.009899
 -0.000067  -0.001529  -0.000575
 -0.000411   0.000582  -0.001024
  0.003806  -0.000225  -0.001268
  0.000295   0.001205  -0.000366
 -0.001758   0.000304  -0.000776
  0.000025  -0.000333   0.000102
 -0.000276   0.000371  -0.000413
 -0.000002  -0.000259   0.000041
  0.001024  -0.000338  -0.000287
 -0.000018  -0.000159   0.000393
 -0.000047  -0.000302  -0.000047
 -0.000198  -0.000498  -0.000114
 -0.037709  -0.037168   0.015515
  0.018047   0.001948  -0.008825
  0.000614  -0.000387  -0.000457
  0.000175  -0.000111   0.000252
  0.000031   0.000117   0.000112
  0.000018   0.000008  -0.000010
  0.000223  -0.000386   0.000560
 -0.000386  -0.000562   0.000204
 -0.002438  -0.000408   0.001387
  0.000056   0.000134   0.000019
  0.000282   0.000248   0.000176
   16    3  0.0000  0.0000  0.0200
  0.001814   0.000756  -0.001453
 -0.000318  -0.000870   0.000694
 -0.114734  -0.014591   0.087468
  0.000339   0.000181   0.000589
  0.000496  -0.001101   0.000526
 -0.016485  -0.000396   0.004434
 -0.000878  -0.001380  -0.000943
  0.005741  -0.000832   0.003880
 -0.000334  -0.000031  -0.000314
  0.000360  -0.000386   0.000369
 -0.000597   0.000028  -0.000166
 -0.002967  -0.000165   0.001039
  0.000566  -0.000156  -0.000578
  0.000258   0.000483   0.000134
  0.000280   0.000307   0.000034
  0.116277   0.015153  -0.087613
  0.010597   0.001632  -0.006119
 -0.000371   0.000521  -0.000184
 -0.000142   0.000252  -0.000171
  0.000020   0.000035  -0.000067
  0.000075   0.000079   0.000107
 -0.000254   0.000584  -0.000402
 -0.000083   0.000088  -0.000122
  0.000531  -0.000023  -0.000714
 -0.000098  -0.000151  -0.000261
 -0.000093  -0.000016  -0.000167
   17    1  0.0200  0.0000  0.0000
 -0.006296  -0.006132  -0.005464
 -0.000956   0.000881   0.000247
  0.090280   0.093881   0.050322
  0.003495  -0.000904   0.001828
  0.000029  -0.000297   0.000254
  0.000501   0.002086   0.001115
 -0.000328  -0.001207   0.000326
  0.001135  -0.000104   0.000694
 -0.000161   0.000157  -0.000078
  0.000249  -0.000314   0.000685
 -0.000270   0.000087   0.000071
 -0.000600  -0.000047   0.000072
 -0.000093  -0.000071  -0.000124
 -0.000264   0.000032  -0.000010
 -0.000064   0.000693   0.000136
  0.009916   0.017700   0.009950
 -0.094837  -0.105537  -0.058765
 -0.000232   0.000592   0.000332
 -0.000208   0.000204  -0.000338
  0.000049  -0.000011  -0.000070
 -0.000018  -0.000031   0.000010
  0.000016   0.000156  -0.000194
  0.000150   0.000120  -0.000043
 -0.000022  -0.000214   0.000096
 -0.000945  -0.001557  -0.000896
 -0.000527  -0.000163  -0.000156
   17    2  0.0000  0.0200  0.0000
  0.007956   0.008940   0.008220
  0.001389   0.000854  -0.000824
  0.101359   0.195712   0.097285
 -0.005245   0.000856  -0.002883
 -0.000385   0.000260  -0.000403
 -0.001931  -0.003950  -0.000923
  0.000255   0.001638  -0.000906
 -0.000340   0.000245   0.000678
  0.000392  -0.000081   0.000159
 -0.000300   0.000662  -0.000969
  0.000094  -0.000058   0.000044
  0.000006  -0.000120  -0.000151
  0.000108  -0.000190   0.000744
 -0.000061  -0.000239   0.000105
 -0.000299  -0.000997  -0.000717
  0.002005   0.001664   0.001124
 -0.105949  -0.205057  -0.103306
 -0.000082  -0.000578  -0.000431
  0.000178  -0.000388   0.000516
 -0.000163   0.000013   0.000050
 -0.000007  -0.000045  -0.000002
  0.000187  -0.000165   0.000214
 -0.000472  -0.000186   0.000326
 -0.000480  -0.000386   0.000207
  0.001477   0.001590   0.001509
  0.000307   0.000005   0.000336
   17    3  0.0000  0.0000  0.0200
 -0.001381  -0.001491  -0.001368
 -0.000306  -0.000251   0.000616
  0.057281   0.101611   0.088917
  0.000925   0.000006   0.000806
  0.000165  -0.000457   0.000391
  0.006661   0.015167   0.004690
 -0.001543  -0.005697   0.003845
  0.001565   0.000282  -0.000825
  0.000137   0.000327  -0.000285
  0.000755  -0.000942   0.000476
 -0.000543  -0.000040   0.000146
 -0.000388  -0.000144   0.000032
 -0.000091  -0.000573  -0.000676
  0.000215   0.000593  -0.000138
  0.001297   0.002666   0.001057
 -0.004974  -0.008922  -0.006281
 -0.058741  -0.103067  -0.089537
 -0.000365   0.000545  -0.000204
 -0.000373   0.000489  -0.000324
 -0.000044   0.000008  -0.000049
 -0.000123  -0.000057   0.000135
 -0.000114   0.000250  -0.000194
  0.000048   0.000112  -0.000130
  0.000185   0.000021  -0.000236
 -0.000193  -0.000546  -0.000729
 -0.000054   0.000107  -0.000136
   18    1  0.0200  0.0000  0.0000
  0.031866  -0.007244   0.037502
 -0.005981   0.002723  -0.015131
  0.000471   0.000270   0.010174
  0.000488  -0.003492   0.007615
  0.005535  -0.000246   0.002549
  0.001680  -0.002038  -0.002667
 -0.000624  -0.000237   0.000141
  0.001746  -0.001056  -0.000437
  0.001503   0.001333   0.000122
  0.001125   0.002686  -0.001422
 -0.000368   0.000248   0.000126
 -0.000889   0.000491   0.000152
 -0.000211  -0.000542   0.002040
  0.000010   0.000071   0.000051
  0.000246   0.000091   0.000160
 -0.000341   0.000714  -0.000354
 -0.000417  -0.000394  -0.000699
 -0.032507   0.007415  -0.039139
 -0.000297  -0.000250   0.001669
 -0.000788  -0.000579  -0.000104
 -0.000329  -0.000276  -0.000011
 -0.000634   0.000729  -0.003297
 -0.000525   0.000131   0.000844
 -0.000444  -0.000494   0.000701
 -0.000092   0.000289  -0.000104
 -0.000226  -0.000341  -0.000481
   18    2  0.0000  0.0200  0.0000
 -0.007256   0.036384  -0.051036
 -0.000855   0.000825  -0.002318
  0.000023   0.000087  -0.015113
  0.000107  -0.005718   0.013087
  0.000861   0.000179   0.000462
 -0.002097   0.003322   0.004086
 -0.000122   0.002297   0.000609
 -0.001112  -0.000066   0.000126
  0.001385   0.000397   0.000031
  0.001534   0.004598  -0.002263
  0.000194  -0.000061  -0.000085
  0.000487  -0.000027  -0.000140
 -0.000460   0.000147  -0.002966
  0.000043  -0.000477  -0.000134
  0.000070  -0.001136  -0.000237
 -0.000089  -0.000385   0.000497
  0.000643  -0.000545   0.000564
  0.007218  -0.037388   0.053538
  0.000545  -0.000801   0.002793
 -0.000613  -0.000298   0.000106
 -0.000217  -0.000144  -0.000024
 -0.000047  -0.000448  -0.000593
 -0.000264  -0.000052   0.000290
  0.000481  -0.000108  -0.000086
 -0.000543  -0.000318  -0.000606
  0.000083  -0.000266  -0.000589
   18    3  0.0000  0.0000  0.0200
  0.037485  -0.051362   0.291050
  0.002573  -0.001203   0.006983
  0.000083  -0.000137   0.001330
  0.000234  -0.002615   0.006807
 -0.002441   0.000130  -0.001112
  0.000116  -0.000208  -0.000250
 -0.000228   0.000489   0.000036
 -0.000371   0.000395  -0.000007
  0.000194  -0.000291  -0.000178
  0.000730   0.002221  -0.001155
  0.000077  -0.000076   0.000033
  0.000173  -0.000150  -0.000021
 -0.000119   0.000194  -0.000212
  0.000049  -0.000100   0.000031
  0.000080  -0.000221  -0.000041
  0.000321  -0.000306  -0.000288
  0.000159  -0.000395  -0.000296
 -0.039091   0.053234  -0.303179
  0.000137  -0.000403   0.000901
 -0.000074   0.000111   0.000091
 -0.000015   0.000038   0.000076
  0.000416  -0.000271   0.000901
 -0.000387  -0.000142  -0.000420
 -0.000315   0.000277  -0.000377
 -0.000116   0.000424  -0.000346
  0.000329   0.000367  -0.000356
   19    1  0.0200  0.0000  0.0000
 -0.000033  -0.000951   0.000407
  0.000013   0.000521  -0.001051
  0.000192  -0.000559   0.000723
  0.001757   0.002334  -0.000811
  0.002691  -0.003088  -0.004529
  0.003216  -0.000498   0.001421
 -0.004396  -0.006478  -0.004412
  0.001684  -0.000937  -0.000213
  0.003402   0.011613   0.009609
  0.078082   0.093574   0.053856
 -0.000794   0.000446   0.000144
 -0.000364   0.000234   0.000076
 -0.001257  -0.001570  -0.000747
 -0.000207   0.000597  -0.000122
 -0.000236   0.000358   0.000207
 -0.000060   0.000165  -0.000095
 -0.000192   0.000212  -0.000317
 -0.000312   0.000546  -0.000117
 -0.083095  -0.097691  -0.056064
 -0.000403  -0.000231  -0.000462
 -0.000305  -0.000638   0.000001
  0.000982   0.002526   0.001469
 -0.000061  -0.000155   0.000502
 -0.000057  -0.000001   0.000250
 -0.000127  -0.000130  -0.000058
 -0.000119  -0.000201   0.000332
   19    2  0.0000  0.0200  0.0000
  0.000172   0.001128  -0.000726
  0.000167  -0.000043  -0.000484
 -0.000441   0.000731  -0.001211
 -0.001698  -0.001392  -0.002696
  0.000285  -0.000358  -0.000924
 -0.004903   0.000725  -0.002577
  0.010396   0.007546   0.007285
 -0.000943   0.000010   0.000549
 -0.001194   0.002714   0.002546
  0.093797   0.175769   0.089044
  0.000453  -0.000008  -0.000147
  0.000216  -0.000002  -0.000083
  0.001501   0.001579   0.001346
 -0.000461  -0.000541  -0.000073
 -0.000161  -0.000515  -0.000477
  0.000098  -0.000145   0.000285
  0.000249  -0.000329   0.000529
 -0.000286  -0.000971  -0.000416
 -0.097584  -0.184452  -0.092659
 -0.000025  -0.000248  -0.000262
  0.000312  -0.000355  -0.000316
  0.000139  -0.000105   0.000359
 -0.000091  -0.000034   0.000202
  0.000049  -0.000038   0.000143
 -0.000018  -0.000369   0.000479
 -0.000029  -0.000296   0.000286
   19    3  0.0000  0.0000  0.0200
 -0.001780  -0.005319   0.003514
 -0.001135  -0.000255   0.001516
  0.000947  -0.001010   0.000603
  0.007444   0.014723   0.002963
 -0.001144   0.001181   0.002207
  0.000295  -0.000157   0.000455
 -0.000249  -0.001863   0.000230
 -0.000419   0.000298  -0.000178
 -0.002882  -0.005701  -0.002840
  0.053896   0.088851   0.072439
  0.000155  -0.000158  -0.000032
  0.000099  -0.000009  -0.000026
  0.000007  -0.000293  -0.000632
 -0.000026   0.000030  -0.000159
 -0.000315   0.000318  -0.000105
 -0.000133   0.000255  -0.000174
 -0.000372   0.000510  -0.000329
  0.001652   0.002740   0.001000
 -0.056078  -0.092732  -0.077133
  0.000572   0.000053  -0.000143
  0.000166   0.000241  -0.000224
 -0.000855  -0.001088  -0.001075
  0.000500   0.000156  -0.000741
  0.000235   0.000120  -0.000341
 -0.000010  -0.000592  -0.000425
 -0.000571  -0.000300  -0.000368
   20    1  0.0200  0.0000  0.0000
  0.001258   0.001086   0.000081
  0.001340   0.003031  -0.001641
 -0.000360  -0.000037  -0.000031
  0.006052   0.000171   0.002298
 -0.000544  -0.002673   0.007832
  0.000584   0.000476  -0.000069
 -0.001066   0.001379   0.000054
  0.001415  -0.000648   0.000360
  0.034275  -0.010155   0.029863
 -0.005435   0.001558  -0.014081
 -0.000457   0.000414  -0.000118
 -0.000347   0.000223  -0.000020
 -0.000277  -0.000293   0.000021
  0.000230  -0.000254   0.000022
  0.000172  -0.000436   0.000178
  0.000013   0.000051   0.000015
  0.000066  -0.000159  -0.000054
 -0.000736  -0.000595  -0.000005
 -0.000405   0.000015   0.000397
 -0.034701   0.010225  -0.037086
  0.000818  -0.002987   0.014018
 -0.000240  -0.000295  -0.000449
 -0.000304  -0.000359   0.001871
 -0.000216  -0.000149   0.000127
 -0.000557   0.000117  -0.000445
 -0.000581   0.000293  -0.003141
   20    2  0.0000  0.0200  0.0000
  0.001037   0.000388  -0.000161
  0.002031   0.004910  -0.001816
 -0.000119  -0.000290   0.000014
  0.001220   0.000069   0.000910
 -0.000440  -0.005412   0.012827
  0.000479   0.000256   0.000031
  0.000388   0.001070  -0.000490
  0.000352  -0.001450  -0.000358
 -0.010146   0.044073  -0.045728
 -0.000939  -0.000157  -0.002489
 -0.000014   0.000131  -0.000025
 -0.000247   0.000254  -0.000073
 -0.000293  -0.000118   0.000005
  0.000183  -0.000545   0.000072
  0.000036  -0.000269   0.000007
 -0.000043   0.000103   0.000013
 -0.000003  -0.000005  -0.000012
 -0.000600  -0.000298   0.000098
 -0.000218  -0.000163   0.000087
  0.009953  -0.043602   0.056444
 -0.002716   0.002823  -0.020864
  0.000111  -0.000249  -0.000685
  0.000229  -0.000577   0.002674
  0.000004  -0.000554   0.000409
 -0.000077  -0.000167   0.000009
 -0.000167  -0.000220  -0.000899
   20    3  0.0000  0.0000  0.0200
  0.000174  -0.000220  -0.000260
  0.000809   0.002391  -0.000975
  0.000231  -0.000362   0.000143
 -0.002295   0.000182  -0.001145
 -0.000527  -0.002260   0.006463
 -0.000046   0.000077  -0.000092
  0.000225  -0.000655   0.000716
  0.000501  -0.000507   0.000712
  0.035881  -0.054799   0.299496
  0.002136  -0.000269   0.005536
 -0.000111   0.000268  -0.000283
 -0.000207   0.000275  -0.000311
 -0.000043   0.000052  -0.000022
 -0.000194   0.000205  -0.000258
 -0.000174   0.000274  -0.000290
 -0.000087   0.000123  -0.000033
 -0.000085   0.000118  -0.000032
 -0.000082   0.000091   0.000151
 -0.000396  -0.000267  -0.000301
 -0.036701   0.056148  -0.310619
  0.000178  -0.000375   0.000033
  0.000355   0.000281  -0.000362
  0.000038  -0.000365   0.000860
 -0.000001  -0.000177   0.000042
  0.000136  -0.000066   0.000045
  0.000283  -0.000164   0.000786
   21    1  0.0200  0.0000  0.0000
  0.000670   0.000479   0.000020
  0.000258   0.000010  -0.001297
 -0.000240  -0.000274   0.000218
  0.000824  -0.000408   0.001736
 -0.006502   0.005887  -0.001410
  0.001378   0.001004   0.000169
  0.002398   0.005261  -0.002768
  0.003551   0.000286   0.001544
  0.115564  -0.131343   0.015386
  0.004619  -0.013635   0.001852
 -0.001492   0.001442   0.000089
 -0.000395   0.000046  -0.000023
 -0.000782  -0.000605  -0.000072
  0.001097  -0.002722   0.000100
 -0.000163  -0.000492   0.000216
 -0.000031   0.000039   0.000047
 -0.000028  -0.000030  -0.000191
 -0.000388  -0.000205  -0.000071
 -0.000426   0.000343   0.000253
  0.000510  -0.002118  -0.000492
 -0.119268   0.137438  -0.014566
 -0.000343  -0.000671  -0.000242
 -0.000143  -0.000073   0.000299
 -0.000160  -0.000039   0.000271
 -0.000310   0.000192  -0.000527
 -0.000197   0.000186  -0.000541
   21    2  0.0000  0.0200  0.0000
  0.000482   0.000180   0.000098
 -0.000108   0.001015  -0.001453
 -0.000297   0.000003  -0.000244
 -0.000324   0.000285   0.000552
 -0.009530   0.008634  -0.001461
  0.000959   0.000545  -0.000222
  0.000831   0.001179  -0.000596
  0.004762   0.000164   0.002516
 -0.131108   0.224035  -0.022063
  0.001312  -0.003354   0.000659
 -0.001670   0.001682  -0.000159
 -0.000363   0.000048  -0.000111
 -0.000571  -0.000319   0.000107
  0.000593  -0.000983  -0.000153
 -0.000041  -0.000249   0.000120
  0.000057   0.000006   0.000136
 -0.000019  -0.000057   0.000015
 -0.000255  -0.000126  -0.000001
 -0.000567  -0.000259   0.000177
 -0.002365   0.002410  -0.000438
  0.137544  -0.233566   0.021701
  0.000466  -0.000416  -0.000162
  0.000154  -0.000301   0.000531
  0.000054  -0.000306   0.000515
 -0.000026  -0.000117  -0.000014
  0.000030  -0.000132  -0.000049
   21    3  0.0000  0.0000  0.0200
  0.000026   0.000023  -0.000030
 -0.000437  -0.000688  -0.000616
 -0.000077   0.000080  -0.000260
  0.000756   0.000172  -0.000581
 -0.005872   0.005238  -0.001683
  0.000031  -0.000045  -0.000434
 -0.001414  -0.002054   0.001365
  0.002682   0.000511   0.001581
  0.009068  -0.012733   0.038079
 -0.002415   0.006547  -0.001327
 -0.000726   0.001186  -0.000329
 -0.000284   0.000218  -0.000276
 -0.000014   0.000024   0.000172
 -0.000665   0.001053  -0.000307
 -0.000101   0.000366  -0.000251
  0.000059   0.000020   0.000064
 -0.000023  -0.000026   0.000075
 -0.000028   0.000008   0.000044
 -0.000019  -0.000262  -0.000174
  0.013828  -0.020776   0.000965
 -0.014667   0.021234  -0.035701
  0.000316  -0.000136  -0.000154
  0.000055   0.000054  -0.000203
  0.000025   0.000030   0.000115
 -0.000016  -0.000014   0.000082
 -0.000086  -0.000030  -0.000215
   22    1  0.0200  0.0000  0.0000
  0.001029  -0.000106   0.000598
 -0.002703  -0.000305   0.000376
  0.000355  -0.000544   0.000786
  0.000291   0.000217   0.000808
  0.249647   0.039249  -0.105554
 -0.000814  -0.003035   0.001639
 -0.000252  -0.000062  -0.000471
  0.008038   0.003517  -0.004475
  0.006613  -0.000262  -0.004223
 -0.000959   0.001462   0.002173
 -0.000458  -0.000373   0.000073
 -0.000403  -0.000033   0.000415
  0.001160   0.000466  -0.000910
  0.000083   0.000056   0.000143
  0.000064   0.000061   0.000004
 -0.000196   0.000271  -0.000347
 -0.000042   0.000123  -0.000196
 -0.000895  -0.000095   0.000411
  0.000812   0.000111  -0.000790
 -0.000212  -0.000258   0.000740
 -0.000425   0.000543   0.000145
 -0.259955  -0.041098   0.110335
 -0.000278   0.000075  -0.000544
 -0.000286   0.000150  -0.000567
 -0.000022  -0.000016  -0.000206
 -0.000190  -0.000112  -0.000365
   22    2  0.0000  0.0200  0.0000
 -0.001189   0.000315  -0.000705
  0.003587   0.000855  -0.000685
 -0.000667   0.000656  -0.001202
  0.000591  -0.000228   0.000830
  0.039164   0.033487  -0.018474
  0.001431   0.004932  -0.002456
 -0.000014   0.002323   0.000496
 -0.012157  -0.005576   0.007324
  0.011349  -0.000358  -0.008088
 -0.001867   0.003020   0.003905
  0.000911  -0.000579   0.000068
  0.000569  -0.000410  -0.000370
 -0.002804  -0.000740   0.001252
  0.000038  -0.001132  -0.000226
  0.000030  -0.000481  -0.000135
  0.000231  -0.000385   0.000566
  0.000161  -0.000161   0.000226
  0.000701  -0.000472  -0.000290
  0.002507  -0.000028  -0.001096
 -0.000283  -0.000282   0.000358
 -0.000702  -0.000379  -0.000190
 -0.041194  -0.034146   0.019327
 -0.000199  -0.000129  -0.000323
 -0.000052  -0.000083   0.000472
 -0.000019  -0.000077  -0.000138
 -0.000125   0.000055  -0.000446
   22    3  0.0000  0.0000  0.0200
  0.005679  -0.000375   0.003418
 -0.017197  -0.001959   0.003747
  0.000542  -0.001307   0.000723
  0.000738   0.000964   0.001728
 -0.105350  -0.018509   0.076250
 -0.000106  -0.000553   0.000490
 -0.000122   0.000590  -0.000265
  0.001615   0.000928  -0.000596
  0.007070  -0.000621  -0.004658
 -0.001008   0.001694   0.002503
  0.000026   0.000030  -0.000050
 -0.000368   0.000584  -0.000131
  0.000286  -0.000102  -0.000648
  0.000128  -0.000267   0.000003
 -0.000038  -0.000091   0.000008
 -0.000271   0.000578  -0.000378
 -0.000207   0.000188  -0.000179
 -0.003205  -0.000537   0.001052
  0.001514   0.000508  -0.001033
 -0.000437  -0.000637  -0.000176
 -0.000342  -0.000053  -0.000132
  0.110593   0.019207  -0.079250
  0.000497   0.000509  -0.000671
  0.000544  -0.000185  -0.000550
 -0.000224  -0.000149  -0.000355
 -0.000357  -0.000437  -0.000849
   23    1  0.0200  0.0000  0.0000
  0.005176   0.011318   0.009550
  0.097319   0.103729   0.063483
 -0.001004   0.001209   0.000026
  0.002891  -0.002870  -0.004879
  0.000647   0.001342   0.000404
  0.000163   0.000001  -0.000425
 -0.000259   0.000274   0.000238
  0.000317  -0.000001  -0.000369
  0.000144  -0.000328   0.000491
 -0.000056   0.000313  -0.000967
 -0.000049  -0.000041   0.000092
 -0.000235   0.000061   0.000024
 -0.000057  -0.000080   0.000260
  0.000002  -0.000076   0.000043
  0.000138  -0.000125  -0.000007
  0.000045  -0.000317  -0.000032
  0.000199  -0.000453   0.000102
 -0.000603  -0.000330  -0.000383
 -0.000055  -0.000135   0.000526
 -0.000347   0.000147  -0.000002
 -0.000043   0.000140   0.000120
  0.000171  -0.000161   0.000168
 -0.097466  -0.105034  -0.063832
 -0.008029  -0.011127  -0.006576
 -0.000064   0.000417   0.000448
  0.001055   0.002126   0.001496
   23    2  0.0000  0.0200  0.0000
  0.001247   0.001280   0.001394
  0.093987   0.192511   0.091676
  0.000588   0.001046  -0.000484
  0.000180  -0.000704  -0.000888
 -0.001848  -0.003787  -0.000705
  0.000092  -0.000137  -0.000205
 -0.000032   0.000053   0.000135
  0.000240   0.000072   0.001090
  0.000356   0.001110  -0.001112
  0.000245   0.000132  -0.000283
  0.000034  -0.000056  -0.000001
  0.000108  -0.000301  -0.000132
 -0.000089   0.000059   0.000093
 -0.000034  -0.000021   0.000011
  0.000026  -0.000041  -0.000036
  0.000114  -0.000535   0.000083
  0.000092  -0.000269   0.000083
  0.000036  -0.000119  -0.000159
 -0.000090  -0.000097   0.000181
 -0.000382  -0.000706  -0.000507
 -0.000009  -0.000367   0.000012
  0.000096  -0.000116   0.000467
 -0.104912  -0.203730  -0.100432
  0.009837   0.014792   0.009193
  0.000037  -0.000210   0.000068
  0.000080   0.000140   0.000454
   23    3  0.0000  0.0000  0.0200
 -0.002697  -0.006117  -0.005157
  0.061151   0.097019   0.084697
  0.000752  -0.000813   0.000397
 -0.001309   0.001585   0.002879
  0.009413   0.014069   0.004259
 -0.000370  -0.000292   0.000650
  0.000156   0.000286  -0.000350
 -0.001175   0.001626   0.000115
 -0.002107  -0.005708   0.003957
 -0.000947  -0.000243   0.001276
  0.000421  -0.000473  -0.000077
  0.000268  -0.000522  -0.000166
  0.000216   0.000142  -0.000362
  0.000094  -0.000141   0.000067
 -0.000029   0.000013  -0.000060
 -0.000247   0.000207  -0.000090
 -0.000017   0.000297  -0.000124
  0.000844   0.000208  -0.000226
  0.000501   0.000116  -0.000732
  0.001854   0.002602   0.000967
  0.000333   0.000481  -0.000195
 -0.000566  -0.000302  -0.000675
 -0.064001  -0.101065  -0.087427
 -0.001556  -0.001566  -0.002145
  0.000119  -0.000175  -0.000340
 -0.001101  -0.001235  -0.001137
   24    1  0.0200  0.0000  0.0000
  0.006492  -0.013359   0.004197
  0.123842  -0.133477   0.019015
  0.002443   0.004809  -0.003199
 -0.000801  -0.001281  -0.000575
  0.000953  -0.001168  -0.000134
  0.000060   0.000017  -0.001018
 -0.000204  -0.000397   0.000064
  0.000086   0.000161   0.000499
  0.000374   0.000058  -0.000240
  0.000182   0.000206  -0.000379
 -0.000025  -0.000117   0.000032
 -0.000323  -0.000117  -0.000138
 -0.000133   0.000032   0.000537
 -0.000019   0.000064   0.000067
  0.000125   0.000133   0.000022
  0.001185  -0.002338   0.000590
 -0.000025  -0.000455   0.000231
 -0.000540   0.000416  -0.000314
 -0.000048  -0.000026   0.000243
 -0.000215  -0.000043  -0.000032
 -0.000068   0.000035   0.000092
 -0.000196  -0.000033   0.000530
 -0.008235   0.009917  -0.001545
 -0.125051   0.136205  -0.018947
  0.000162   0.000419   0.000267
 -0.000020   0.000340   0.000133
   24    2  0.0000  0.0200  0.0000
  0.000937  -0.003181   0.000737
 -0.123937   0.217714  -0.020089
  0.000687   0.000852  -0.000739
 -0.000964   0.000248   0.000344
 -0.002285   0.002081  -0.000044
  0.000180   0.000107  -0.000333
 -0.000054   0.000126   0.000130
  0.000595  -0.000815  -0.000920
  0.000124   0.001124  -0.000563
  0.000088  -0.000058  -0.000187
 -0.000065  -0.000157   0.000039
 -0.000449   0.000266   0.000163
 -0.000116  -0.000089   0.000193
 -0.000014  -0.000047  -0.000032
  0.000001  -0.000032   0.000013
  0.000566  -0.000659   0.000009
 -0.000018  -0.000336   0.000013
 -0.000362  -0.000087   0.000182
 -0.000042  -0.000003   0.000107
 -0.000145  -0.000487  -0.000126
 -0.000104  -0.000329  -0.000043
  0.000198  -0.000123  -0.000121
 -0.010675   0.014592  -0.001909
  0.135840  -0.230285   0.023269
  0.000030  -0.000132  -0.000005
 -0.000019  -0.000288  -0.000090
   24    3  0.0000  0.0000  0.0200
 -0.003615   0.007101  -0.002429
  0.021228  -0.025038   0.033183
 -0.001116  -0.002825   0.001937
  0.000292   0.000880   0.001062
  0.010824  -0.013456  -0.001986
 -0.000981  -0.000388   0.001271
  0.000109  -0.000068  -0.000421
 -0.002493   0.003061   0.005862
 -0.001017  -0.001288  -0.001072
 -0.000413  -0.000142   0.000711
  0.000263  -0.000500  -0.000456
  0.002154  -0.002616   0.000142
  0.000543   0.000202  -0.000779
  0.000116   0.000092   0.000083
 -0.000043   0.000012  -0.000038
 -0.001040   0.001471  -0.000726
  0.000043   0.000149  -0.000278
  0.000675  -0.000074  -0.000251
  0.000238   0.000143  -0.000328
  0.000142   0.000359   0.000161
  0.000253   0.000523   0.000111
 -0.000695   0.000457  -0.000533
 -0.006574   0.009933  -0.002085
 -0.018608   0.022572  -0.032481
 -0.000108  -0.000214  -0.000306
 -0.000177  -0.000345  -0.000351
   25    1  0.0200  0.0000  0.0000
 -0.006241   0.005853  -0.002182
 -0.000700  -0.001061  -0.000208
  0.002952   0.000496   0.001782
  0.116436  -0.121211   0.011058
  0.000059   0.000161   0.000405
  0.000223   0.000088   0.000691
 -0.000456   0.000967   0.000762
 -0.000099  -0.000104  -0.000094
  0.001101  -0.000171   0.000768
  0.000532  -0.001847  -0.000383
  0.000033   0.000019   0.000040
  0.000075   0.000004  -0.000008
 -0.000151  -0.000049  -0.000394
 -0.000263  -0.000023  -0.000008
  0.000041  -0.000610  -0.000220
 -0.000532   0.000130  -0.000022
 -0.000923   0.001501  -0.000161
 -0.000086  -0.000538   0.000152
 -0.000115  -0.000043  -0.000025
 -0.000560  -0.000043   0.000056
 -0.000220  -0.000103   0.000053
 -0.000034  -0.000074  -0.000156
  0.000003   0.000243   0.000097
  0.000080   0.000063  -0.000225
 -0.122692   0.135424  -0.014032
  0.011537  -0.019071   0.002253
   25    2  0.0000  0.0200  0.0000
 -0.008332   0.009066  -0.003665
 -0.001343   0.000216   0.000561
  0.004496   0.000341   0.002564
 -0.130395   0.228997  -0.024512
  0.000217   0.000089   0.000297
  0.000097  -0.000066   0.000837
  0.000488  -0.000292  -0.000577
 -0.000480  -0.000026   0.000032
 -0.000166   0.000512   0.000082
 -0.000859   0.001933   0.000309
  0.000102  -0.000013  -0.000045
  0.000174   0.000050  -0.000107
 -0.000090   0.000025  -0.000451
 -0.000116  -0.000057   0.000009
 -0.000199  -0.000119   0.000031
 -0.000387   0.000034  -0.000140
 -0.001340   0.001566  -0.000496
  0.000259  -0.000506   0.000361
 -0.000156  -0.000368  -0.000525
  0.000041  -0.000214  -0.000059
  0.000177  -0.000195  -0.000074
  0.000004  -0.000058  -0.000194
  0.000421  -0.000163  -0.000096
  0.000520  -0.000186  -0.000224
  0.134551  -0.235375   0.025409
  0.002317  -0.005190   0.000674
   25    3  0.0000  0.0000  0.0200
 -0.005233   0.005780  -0.002256
 -0.000911   0.000061   0.001229
  0.003053  -0.000133   0.002064
  0.014559  -0.028438   0.032758
  0.000343   0.000238   0.000729
  0.000765   0.000798   0.001419
 -0.001898   0.003339   0.005800
  0.000099  -0.000115  -0.000398
  0.001640   0.000325  -0.000828
  0.007802  -0.014030  -0.002342
 -0.000179  -0.000087   0.000080
  0.000004   0.000061   0.000007
 -0.000403  -0.000460  -0.000813
  0.000315  -0.000418  -0.000455
  0.001477  -0.002906  -0.000056
 -0.000110   0.000082  -0.000300
 -0.000978   0.001515  -0.000782
 -0.000162  -0.000547  -0.000305
 -0.000099   0.000550  -0.000484
 -0.000387   0.000028   0.000104
 -0.000551   0.000014   0.000083
 -0.000231  -0.000120  -0.000348
  0.000384   0.000039  -0.000385
  0.000199   0.000078  -0.000315
 -0.013593   0.024751  -0.032000
 -0.005903   0.009595  -0.002206
   26    1  0.0200  0.0000  0.0000
  0.005862   0.000594  -0.004753
 -0.001091   0.001760   0.002493
  0.001399  -0.000359   0.000356
  0.252186   0.033815  -0.107741
  0.000314   0.000161   0.000653
 -0.000033   0.000163   0.000298
  0.000204   0.000348  -0.000780
  0.000120  -0.000151  -0.000165
  0.000818  -0.000042   0.001007
 -0.003183  -0.000293   0.000767
 -0.000030  -0.000028  -0.000030
 -0.000022   0.000080   0.000036
 -0.000008  -0.000069  -0.000163
 -0.000065   0.000014  -0.000023
 -0.000153   0.000069   0.000109
 -0.000358   0.000276  -0.000064
 -0.000458   0.000394   0.000000
 -0.000212  -0.000043   0.000316
 -0.000136   0.000047  -0.000493
 -0.000755  -0.000251   0.000455
 -0.000270   0.000060  -0.000046
 -0.000170  -0.000088  -0.000375
  0.000996   0.000105  -0.000929
 -0.000012  -0.000001  -0.000179
  0.010695   0.002220  -0.005857
 -0.265636  -0.038779   0.115105
   26    2  0.0000  0.0200  0.0000
  0.010857  -0.000175  -0.008332
 -0.001260   0.003401   0.004213
  0.000319  -0.001344  -0.000131
  0.043635   0.043071  -0.023760
  0.000356  -0.000186   0.000709
  0.000084   0.000134   0.000317
  0.000078   0.000148   0.000683
  0.000165  -0.000273  -0.000156
 -0.000720   0.000254  -0.000804
  0.002855   0.000263  -0.000572
 -0.000062   0.000021  -0.000044
 -0.000029   0.000135   0.000061
 -0.000047  -0.000035  -0.000193
  0.000002  -0.000023  -0.000086
  0.000078  -0.000292  -0.000027
 -0.000191   0.000305  -0.000080
 -0.000121   0.000043   0.000046
 -0.000348  -0.000280   0.000372
 -0.000177  -0.000163  -0.000302
  0.000323  -0.000258  -0.000099
  0.000217  -0.000081  -0.000089
 -0.000192   0.000055  -0.000405
  0.002165   0.000166  -0.001245
  0.000381  -0.000231  -0.000367
 -0.018917  -0.004636   0.009323
 -0.039450  -0.040022   0.020969
   26    3  0.0000  0.0000  0.0200
  0.006650   0.000166  -0.005055
 -0.000955   0.001883   0.002873
  0.000570  -0.001007   0.000505
 -0.111599  -0.019827   0.082321
  0.000530   0.000815   0.001426
  0.000357   0.000228   0.000684
 -0.001131   0.001668   0.000290
 -0.000317   0.000033  -0.000310
  0.005871  -0.000212   0.003923
 -0.015432  -0.003088   0.002915
  0.000093  -0.000148   0.000059
  0.000030   0.000016  -0.000011
 -0.000157  -0.000148  -0.000372
  0.000290  -0.000520  -0.000070
  0.000406  -0.000469  -0.000140
 -0.000185   0.000168  -0.000163
 -0.000155   0.000308  -0.000136
 -0.000435  -0.000585  -0.000096
  0.000342   0.000342  -0.000351
 -0.003080  -0.000805   0.000943
 -0.000578  -0.000084  -0.000205
 -0.000309  -0.000465  -0.000848
  0.001595   0.000573  -0.001160
  0.000137  -0.000132  -0.000314
  0.002123   0.000726  -0.002234
  0.115339   0.020566  -0.084471
