    3   26   78
  28.085  72.610   1.000
    1    1  0.0200  0.0000  0.0000
 -0.390335   0.016907  -0.049680
  0.006612  -0.002930   0.000082
  0.005038   0.003517   0.002319
  0.000672   0.000064  -0.000536
 -0.000679   0.001243   0.007963
 -0.000388  -0.003749   0.005394
  0.132953   0.018665  -0.058745
  0.030018  -0.004787   0.022729
 -0.000929   0.000036   0.001973
 -0.000732  -0.001043   0.001811
  0.000158   0.000236  -0.000546
  0.002046  -0.002529  -0.000052
  0.000110   0.000337  -0.001177
  0.000041   0.000040  -0.000017
 -0.000337   0.000045  -0.000143
 -0.001059   0.000945  -0.000309
 -0.001025   0.001425  -0.000327
 -0.004770  -0.001437   0.005172
  0.000074   0.000215  -0.001226
  0.001490   0.002070   0.000822
  0.000196  -0.000054  -0.000519
 -0.000592   0.003470  -0.016353
  0.098831   0.095422   0.061986
  0.124611  -0.125499   0.021308
 -0.000789  -0.001317  -0.000956
 -0.001217  -0.001290  -0.000971
    1    2  0.0000  0.0200  0.0000
  0.016895  -0.488386  -0.039779
 -0.010676  -0.007613   0.007222
  0.010708  -0.000679  -0.006207
  0.000056   0.001662   0.000032
 -0.001159   0.000172  -0.012990
 -0.000841  -0.008109   0.011862
  0.015682   0.030270  -0.008987
 -0.001840   0.033012  -0.026120
  0.000651   0.000597   0.001660
 -0.001696   0.000787   0.000438
  0.000486   0.000108   0.000857
 -0.002222   0.003555  -0.000018
 -0.000047  -0.000083  -0.000661
  0.000140  -0.000511  -0.000077
 -0.000040  -0.000501  -0.000168
 -0.003199   0.005337  -0.000978
  0.000668   0.000991  -0.000362
  0.002623   0.001248  -0.001000
  0.000617  -0.000107  -0.000308
  0.003051   0.004888   0.002335
  0.000052   0.001115  -0.000640
 -0.000601   0.001137  -0.001325
  0.104616   0.195380   0.098031
 -0.134604   0.222173  -0.024865
 -0.000907   0.000290   0.000120
  0.001585   0.003267   0.001929
    1    3  0.0000  0.0000  0.0200
 -0.049665  -0.039833  -0.327272
 -0.000123   0.005440  -0.003142
  0.005097  -0.004363  -0.008512
 -0.000518   0.000028   0.001334
  0.005715  -0.005781  -0.003628
  0.005082   0.004501   0.004364
 -0.045136  -0.008264   0.053677
  0.009178  -0.027006   0.153891
  0.002110   0.001265  -0.003066
  0.001625   0.000728  -0.003459
 -0.001380   0.001627   0.000429
 -0.003306   0.003878  -0.000495
 -0.001283  -0.000416   0.001620
 -0.000429  -0.000095  -0.000205
  0.000226  -0.000140   0.000167
  0.001983  -0.002767   0.000894
  0.000351  -0.000834   0.000711
 -0.013526  -0.002020   0.006715
 -0.001115  -0.000492   0.001688
 -0.001817  -0.001868  -0.001252
 -0.001277  -0.001474  -0.000594
  0.002463  -0.000250   0.002691
  0.064264   0.093099   0.085821
  0.018886  -0.019743   0.033358
 -0.000067   0.000703   0.001180
  0.002660   0.004076   0.003086
    2    1  0.0200  0.0000  0.0000
  0.006586  -0.010726  -0.000103
 -0.450899  -0.071010   0.034552
 -0.010169   0.004037  -0.004950
  0.000167  -0.001558   0.007500
 -0.008561   0.002189  -0.013032
  0.001453   0.000287   0.000353
  0.068455  -0.061419   0.011471
 -0.000699   0.002044  -0.000362
  0.029888  -0.004018   0.013542
  0.000409   0.001064  -0.002094
  0.000953  -0.000033   0.000801
  0.006278   0.000624  -0.002574
  0.002070  -0.001814   0.008905
  0.000444  -0.000139  -0.000596
  0.001196   0.001518   0.000798
  0.254367   0.030891  -0.115751
  0.091906   0.102568   0.057982
  0.000490   0.000627  -0.001404
  0.000160  -0.000400   0.001061
 -0.000428  -0.000154   0.000208
 -0.000300  -0.000320  -0.000082
  0.000324  -0.000815   0.000549
 -0.000773   0.000801   0.000657
  0.002305   0.000752  -0.001123
  0.002912   0.004586   0.003063
  0.001466   0.000419   0.000630
    2    2  0.0000  0.0200  0.0000
 -0.002836  -0.007612   0.005475
 -0.070752  -0.392271  -0.052581
 -0.003758   0.009299   0.002264
 -0.001473  -0.009085   0.010960
  0.002198  -0.000174  -0.002890
  0.000253   0.001300  -0.000523
 -0.061239   0.118713  -0.017134
  0.001602  -0.000958   0.002583
 -0.004042   0.033670  -0.021286
  0.001697  -0.002081   0.001429
 -0.000390   0.000519   0.000343
 -0.000593   0.000368   0.000243
 -0.001742   0.003607  -0.013238
  0.000172   0.001060  -0.000625
  0.002643   0.005467   0.002469
  0.037910   0.038235  -0.014670
  0.095239   0.198007   0.102980
  0.000481   0.000144   0.002019
 -0.000785   0.000837  -0.001088
 -0.000128  -0.000345  -0.000361
 -0.000331  -0.000044   0.000112
 -0.000517   0.000683  -0.001412
  0.001353   0.001080  -0.000984
  0.004827   0.000769  -0.002896
  0.000590   0.000092  -0.000186
 -0.000379  -0.001278  -0.001003
    2    3  0.0000  0.0000  0.0200
  0.000027   0.007139  -0.003133
  0.034232  -0.052451  -0.363321
 -0.006709   0.002784  -0.003211
  0.001851   0.005461   0.004584
 -0.005863   0.000340   0.004399
  0.000354  -0.000521   0.000907
  0.003735  -0.005578   0.029413
 -0.000898   0.002211  -0.001823
  0.021242  -0.032854   0.153269
 -0.001677   0.001675  -0.001839
  0.001881   0.000028  -0.000703
  0.002403  -0.000015  -0.001429
 -0.001763   0.002656  -0.002335
 -0.000727  -0.001723  -0.000730
 -0.000852  -0.002175  -0.001428
 -0.108703  -0.010194   0.087934
  0.051164   0.098532   0.090199
  0.009350  -0.013929   0.002690
  0.000773  -0.001253   0.000716
 -0.000029   0.000039   0.000134
  0.000157  -0.000234  -0.000319
  0.000861  -0.001197   0.000710
  0.000021  -0.000465   0.000571
 -0.003089  -0.000703   0.002057
  0.001829   0.002627   0.002117
  0.000431  -0.000199   0.000573
    3    1  0.0200  0.0000  0.0000
  0.005082   0.010588   0.005223
 -0.010117  -0.003776  -0.006745
 -0.464032   0.045889   0.054798
 -0.000006  -0.001440   0.008957
  0.001517  -0.000316   0.000152
 -0.008426   0.002565  -0.013106
  0.056308   0.046162   0.030776
 -0.000314  -0.001834  -0.001000
  0.000635   0.000063  -0.002104
  0.029840  -0.001892   0.014557
 -0.000372   0.000286   0.000046
 -0.000426   0.000045   0.000231
  0.000064  -0.000059   0.001004
  0.000434   0.000393  -0.000595
  0.001667  -0.002132   0.000129
  0.001235  -0.000422   0.000389
  0.003726  -0.004950   0.000932
  0.000779   0.000237  -0.001106
  0.001852  -0.001604   0.007345
  0.006207   0.001141  -0.002415
  0.000954  -0.000232   0.000780
  0.000206   0.000560   0.000708
  0.002802  -0.000004  -0.001461
 -0.000627  -0.000882   0.000185
  0.117142  -0.131704   0.014961
  0.253870   0.043318  -0.112637
    3    2  0.0000  0.0200  0.0000
  0.003504  -0.000708  -0.004366
  0.004035   0.009353   0.002801
  0.046024  -0.416853   0.030854
  0.001037  -0.000481  -0.012314
 -0.000331   0.000800   0.000500
 -0.000387   0.000087  -0.000548
  0.048983   0.105642   0.051744
 -0.001187   0.000466  -0.001493
 -0.000635  -0.000885  -0.001178
 -0.004769   0.033088  -0.031655
  0.000198  -0.000101  -0.000015
  0.000109  -0.000353   0.000108
  0.000380  -0.000055   0.000835
  0.000139  -0.000097   0.000836
 -0.002391   0.003931   0.000092
  0.000427  -0.001462   0.000146
 -0.001041   0.000643  -0.000120
 -0.003701  -0.004336  -0.005283
  0.002321  -0.001395   0.014571
  0.000156   0.000197   0.000161
 -0.000396   0.000365   0.000217
  0.000157  -0.000238   0.001002
 -0.002867  -0.000673   0.001561
 -0.001387   0.000213   0.000913
 -0.122237   0.229732  -0.029069
  0.033858   0.043117  -0.020300
    3    3  0.0000  0.0000  0.0200
  0.002253  -0.006191  -0.008708
 -0.005092   0.002240  -0.003398
  0.054510   0.030942  -0.326158
  0.003210  -0.007377  -0.003572
  0.000175   0.000455   0.001367
 -0.006104  -0.002952   0.004181
  0.025090   0.039466   0.054775
 -0.001320  -0.001205  -0.003520
 -0.001874  -0.001502  -0.003167
  0.020372  -0.019440   0.153794
  0.000280   0.000403  -0.000167
  0.000034  -0.000264   0.000137
  0.000832   0.001034   0.001674
 -0.001002   0.001862   0.000480
 -0.002278   0.004476  -0.000490
  0.000593  -0.000693   0.000775
  0.001911  -0.002931   0.000966
  0.006905   0.011650   0.006881
 -0.000693  -0.002436   0.002875
  0.002422   0.000992  -0.001218
  0.001866   0.000580  -0.000514
  0.000896   0.000824   0.001728
 -0.004818  -0.000913   0.003117
 -0.000626   0.000213   0.001220
  0.010919  -0.024890   0.033400
 -0.108463  -0.024345   0.083541
    4    1  0.0200  0.0000  0.0000
  0.000712   0.000057  -0.000374
  0.000161  -0.001576   0.001985
  0.000100   0.000989   0.003327
 -0.434715  -0.014863   0.030864
  0.004668   0.008784   0.006885
  0.006350  -0.009594   0.002437
  0.001168   0.000416  -0.000392
 -0.000376   0.000274  -0.000026
  0.056039   0.053221   0.028770
  0.068133  -0.066920   0.005628
  0.002935   0.000075  -0.001759
 -0.000836  -0.000567  -0.000088
 -0.003938  -0.010521  -0.005238
  0.261728   0.034591  -0.098998
  0.042900  -0.006680   0.034654
  0.000276   0.000308  -0.001004
 -0.000280   0.000163  -0.001579
 -0.000599  -0.000086  -0.000362
 -0.004428   0.010358  -0.000351
 -0.001044   0.000348   0.000181
  0.002384   0.000848  -0.001414
 -0.000397  -0.000155  -0.000032
 -0.000321  -0.000056   0.000061
 -0.000267  -0.000038   0.000111
 -0.000342   0.000505  -0.002117
 -0.000013   0.000120  -0.001170
    4    2  0.0000  0.0200  0.0000
  0.000027   0.001648   0.000030
 -0.001470  -0.009068   0.005408
 -0.001434  -0.000531  -0.007395
 -0.014621  -0.300816   0.041016
  0.006539  -0.001606  -0.003361
 -0.004811  -0.008260   0.003776
  0.000588  -0.004357  -0.000978
  0.000049  -0.004330  -0.001224
  0.041317   0.107372   0.042201
 -0.054968   0.119844  -0.006830
 -0.003616   0.000015   0.001298
 -0.001601   0.000455   0.000568
  0.005910   0.007964   0.004939
  0.036996   0.034124  -0.018047
 -0.009183   0.039847  -0.056428
 -0.000242   0.001239  -0.001463
 -0.001279   0.001771  -0.005693
 -0.000218   0.002339   0.000516
 -0.006158   0.007469  -0.001717
  0.001483   0.001151  -0.000711
  0.005422   0.001283  -0.002007
 -0.000025   0.002344   0.000553
  0.000360   0.000073   0.000340
 -0.000419   0.000048  -0.000089
  0.000987  -0.000308   0.003536
  0.000367   0.000289   0.001763
    4    3  0.0000  0.0000  0.0200
 -0.000529  -0.000004   0.001371
  0.007490   0.010987   0.004637
  0.009035  -0.012251  -0.003593
  0.030474   0.041201  -0.471591
  0.000565  -0.007504  -0.007395
 -0.002738   0.007478  -0.002195
 -0.001147  -0.000915  -0.000215
  0.000676  -0.001149   0.001311
  0.025772   0.048601   0.053343
  0.008437  -0.013257   0.028669
 -0.004730  -0.000565   0.002296
 -0.000625   0.000301   0.001199
 -0.001104  -0.003997  -0.000696
 -0.109338  -0.018507   0.084765
  0.045525  -0.056094   0.297692
 -0.000739  -0.000434  -0.000741
  0.000203  -0.001202   0.003698
  0.000153   0.000508  -0.000048
 -0.004393   0.007146   0.000280
  0.000080  -0.000468   0.000677
 -0.002728  -0.000579   0.001477
 -0.000495   0.000523  -0.000274
  0.000207   0.000097  -0.000396
  0.000074   0.000112  -0.000466
  0.000608  -0.000744   0.005927
 -0.000729   0.000716   0.000269
    5    1  0.0200  0.0000  0.0000
 -0.000684  -0.001083   0.005683
 -0.008553   0.002117  -0.005807
  0.001500  -0.000302   0.000169
  0.004694   0.006465   0.000675
 -0.328921  -0.057059  -0.048598
 -0.011122   0.002335  -0.004548
 -0.003179   0.002299   0.000997
  0.069733  -0.055590   0.004262
  0.134096   0.010226  -0.049158
 -0.003602   0.001334   0.001146
  0.090382   0.105117   0.054655
  0.034074  -0.005378   0.036759
  0.004611   0.002509  -0.002567
 -0.000918  -0.002079  -0.000544
 -0.000525  -0.001693  -0.000590
  0.000947  -0.001824   0.005823
  0.001094  -0.000521   0.001748
  0.001786  -0.001172  -0.000319
  0.001859  -0.000927  -0.000499
  0.001458   0.000452   0.000622
  0.003556   0.004950   0.002469
  0.007178  -0.010959   0.001726
  0.000428   0.000284  -0.001193
  0.000159   0.000785  -0.002604
 -0.000143  -0.000466   0.000026
  0.000093   0.000180  -0.000334
    5    2  0.0000  0.0200  0.0000
  0.001241   0.000172  -0.005701
  0.002238  -0.000175   0.000353
 -0.000325   0.000804   0.000487
  0.008876  -0.001611  -0.007572
 -0.057076  -0.405072  -0.013276
 -0.002483   0.009326  -0.000780
  0.002202  -0.000035  -0.000020
 -0.067527   0.118191  -0.007742
  0.022159   0.030420  -0.010530
  0.001607  -0.001115  -0.000350
  0.102746   0.202899   0.086273
 -0.002994   0.048948  -0.054906
 -0.014110  -0.000626   0.006550
  0.001564   0.003754   0.002173
 -0.000728   0.000121   0.000285
 -0.000412   0.000440  -0.000776
 -0.000068   0.000403   0.000344
 -0.001085  -0.000059   0.000509
 -0.001085   0.000085   0.000207
 -0.000669  -0.001388  -0.000487
  0.000366   0.000004   0.000559
  0.005616  -0.004200  -0.000343
  0.000027   0.000084   0.001769
  0.000220  -0.000940   0.003114
 -0.000067  -0.000062  -0.000163
 -0.000231  -0.000366   0.000026
    5    3  0.0000  0.0000  0.0200
  0.008090  -0.012929  -0.003655
 -0.013112  -0.002760   0.004392
  0.000181   0.000468   0.001376
  0.006900  -0.003230  -0.007337
 -0.048615  -0.012960  -0.472445
 -0.005841   0.005435  -0.002294
  0.001323   0.000732  -0.000195
  0.009011  -0.012755   0.028594
 -0.053782  -0.005557   0.052183
  0.000800  -0.001096   0.001248
  0.059277   0.096185   0.087174
  0.032125  -0.065076   0.297407
  0.004043  -0.000454  -0.000630
  0.002250   0.004137   0.002305
 -0.000072   0.000678   0.001199
  0.000996  -0.000675   0.003790
  0.000665   0.000513  -0.000710
 -0.000543   0.000045  -0.000055
 -0.000293   0.000675  -0.000254
  0.000385  -0.000265   0.000729
  0.001507   0.002394   0.001514
 -0.004929   0.006626   0.000330
 -0.000430   0.000882   0.000268
  0.000366  -0.000871   0.005949
 -0.000146   0.000010  -0.000478
 -0.000158  -0.000152  -0.000407
    6    1  0.0200  0.0000  0.0000
 -0.000387  -0.000858   0.005055
  0.001441   0.000249   0.000356
 -0.008438  -0.000429  -0.006168
  0.006380  -0.004862  -0.002694
 -0.011118  -0.002410  -0.005910
 -0.344367   0.080037  -0.021641
 -0.002614  -0.002800  -0.000113
  0.057447   0.043786   0.022903
 -0.003227  -0.001889   0.000461
  0.133887   0.022507  -0.046783
  0.004182  -0.005155   0.000347
  0.001425  -0.000356   0.000437
  0.001619   0.001190  -0.000019
 -0.000842   0.001467   0.000395
 -0.000784   0.001651   0.000208
  0.000077   0.000021  -0.000363
 -0.000204   0.000404   0.000191
  0.001513   0.001348   0.000284
  0.003375  -0.001060  -0.002612
  0.034783  -0.010378   0.035659
  0.116826  -0.132317   0.008986
  0.006430   0.010230   0.006342
  0.000224   0.000308  -0.002176
  0.000433   0.000174  -0.001013
  0.001072  -0.000176   0.001829
  0.000869  -0.000682   0.006040
    6    2  0.0000  0.0200  0.0000
 -0.003825  -0.008090   0.004416
  0.000263   0.001318  -0.000528
  0.002558  -0.000017  -0.003114
 -0.009747  -0.008411   0.007378
  0.002357   0.009348   0.005491
  0.080075  -0.410562   0.033444
 -0.002899  -0.000385   0.000135
  0.052782   0.105960   0.041938
 -0.002032  -0.001654  -0.000808
  0.013380   0.030786  -0.005396
 -0.000637   0.000732  -0.000635
  0.000761  -0.001291  -0.000383
  0.001262   0.000627   0.000102
 -0.003041   0.005823  -0.000561
  0.000575   0.000951  -0.000499
  0.000338  -0.000369  -0.000065
  0.000113  -0.000101   0.000335
  0.001385   0.000453  -0.000353
  0.011488   0.002785  -0.005556
 -0.010355   0.044213  -0.055623
 -0.132240   0.224887  -0.013297
 -0.002255  -0.000269   0.000327
 -0.000296   0.001118  -0.005592
  0.000119   0.001193  -0.001492
 -0.000151   0.000522   0.000422
  0.000026   0.000434  -0.000086
    6    3  0.0000  0.0000  0.0200
  0.005457   0.011798   0.004382
  0.000369  -0.000549   0.000934
 -0.013060  -0.000526   0.004220
  0.002517   0.003900  -0.002262
 -0.004548  -0.000780  -0.002393
 -0.021581   0.033740  -0.451815
  0.000364  -0.000515  -0.000425
  0.031698   0.047809   0.053275
  0.000095  -0.000134   0.001497
 -0.055368  -0.011209   0.052203
  0.001657  -0.002453   0.000265
  0.000716  -0.000627   0.000603
  0.000213  -0.000310  -0.000579
  0.001583  -0.002423   0.000243
  0.000275  -0.000896   0.000609
 -0.000116   0.000123  -0.000344
 -0.000079   0.000132  -0.000363
 -0.000016   0.000033  -0.000297
  0.009502   0.002445  -0.002862
  0.029515  -0.046776   0.301513
  0.014854  -0.022260   0.038553
 -0.005804  -0.007768  -0.002897
  0.000294  -0.001275   0.003789
 -0.000287  -0.000674  -0.000868
  0.000722   0.000009  -0.000837
  0.001027  -0.000811   0.003857
    7    1  0.0200  0.0000  0.0000
  0.132743   0.015637  -0.045165
  0.068509  -0.061262   0.003751
  0.056441   0.048985   0.025060
  0.001120   0.000650  -0.001105
 -0.003328   0.002185   0.001409
 -0.002797  -0.002664   0.000290
 -0.280849   0.003431  -0.016281
 -0.007469   0.001003  -0.005781
 -0.001005  -0.000344   0.004208
 -0.000977  -0.000901   0.003351
  0.000798  -0.000415  -0.000245
  0.001522  -0.000935  -0.000377
 -0.000126   0.000704  -0.002193
 -0.000026  -0.000111   0.000068
 -0.000474  -0.000099  -0.000278
  0.005850  -0.010685   0.001781
 -0.006172   0.007804  -0.001340
  0.025819  -0.006919   0.032933
  0.000000   0.000124  -0.001853
  0.001398   0.000940   0.000527
  0.000705   0.000453  -0.000234
  0.000545  -0.001197   0.005398
  0.003825   0.000568  -0.002261
  0.005072   0.001190  -0.002824
 -0.005937  -0.007972  -0.005129
  0.004812   0.009829   0.006292
    7    2  0.0000  0.0200  0.0000
  0.018683   0.030191  -0.008216
 -0.061422   0.118779  -0.005586
  0.046163   0.105607   0.039374
  0.000399  -0.004194  -0.000926
  0.002329  -0.000004   0.000676
 -0.002684  -0.000281  -0.000502
  0.003513  -0.283764   0.025424
  0.001912  -0.000736  -0.001295
 -0.000299  -0.000531  -0.006213
 -0.001892  -0.007550   0.004714
 -0.000410   0.000122   0.000029
 -0.000913  -0.000094   0.000384
  0.000692  -0.000788   0.003206
 -0.000088   0.000904   0.000220
 -0.000099   0.001865   0.000410
  0.002956  -0.005122   0.000703
 -0.005626   0.006923  -0.001382
 -0.006925   0.032118  -0.051429
 -0.000941   0.000887  -0.005179
  0.001033   0.000378  -0.000234
  0.000487   0.000189   0.000075
 -0.000124   0.000346  -0.000279
  0.010163   0.000716  -0.005724
 -0.012576  -0.003208   0.006593
  0.005660   0.007701   0.005220
  0.000011  -0.000455  -0.000062
    7    3  0.0000  0.0000  0.0200
 -0.058620  -0.008989   0.053684
  0.011488  -0.017116   0.029431
  0.030779   0.051644   0.054756
 -0.000362  -0.000987  -0.000202
  0.001033  -0.000021  -0.000176
 -0.000118   0.000132  -0.000377
 -0.016330   0.025557  -0.400381
 -0.010492  -0.001595   0.003415
  0.006879  -0.010216  -0.003334
  0.005388   0.009034   0.003580
 -0.000231   0.000051  -0.000070
 -0.000336   0.000340  -0.000068
  0.000641  -0.000999   0.004853
  0.000041   0.000238  -0.000066
 -0.000191   0.000451  -0.000067
 -0.004918   0.007508  -0.001340
 -0.005176   0.007511  -0.001363
  0.032950  -0.051488   0.266937
  0.000299  -0.000690   0.003019
  0.000140  -0.000185  -0.000349
 -0.000027   0.000051  -0.000064
  0.000501  -0.000565   0.003071
  0.009134   0.001357  -0.005041
  0.004197   0.000504  -0.002358
 -0.002053  -0.003702  -0.002415
 -0.004616  -0.007823  -0.005076
    8    1  0.0200  0.0000  0.0000
  0.030003  -0.001843   0.009123
 -0.000706   0.001599  -0.000999
 -0.000336  -0.001135  -0.001377
 -0.000400   0.000090   0.000674
  0.069735  -0.067479   0.009086
  0.057473   0.052732   0.031651
 -0.007513   0.001922  -0.010489
 -0.381007  -0.016488   0.049842
  0.005245  -0.008161   0.000520
  0.003816   0.008038   0.004519
 -0.006747   0.008922  -0.001139
 -0.001028   0.001008  -0.000500
  0.001831   0.000445  -0.000801
 -0.000443  -0.000094  -0.000225
 -0.000020  -0.000066   0.000024
  0.000258  -0.000491   0.000693
  0.000081  -0.000338   0.000289
  0.005132   0.000814  -0.002520
  0.002295   0.000195  -0.001058
 -0.000775  -0.000536  -0.000774
 -0.006387  -0.009121  -0.005401
  0.227844   0.033377  -0.100468
  0.000665  -0.001888   0.008378
  0.000771  -0.001868   0.009875
  0.000021   0.000179   0.000357
  0.000190   0.000187   0.000718
    8    2  0.0000  0.0200  0.0000
 -0.004791   0.032965  -0.026918
  0.002043  -0.000882   0.002175
 -0.001798   0.000432  -0.001206
  0.000237  -0.004216  -0.001212
 -0.055552   0.118281  -0.012839
  0.043729   0.105997   0.047838
  0.000906  -0.000771  -0.001566
 -0.016429  -0.281248   0.008061
 -0.003965  -0.007050   0.004027
  0.004874  -0.001371  -0.003331
 -0.005968   0.007412  -0.001196
 -0.000368   0.000171  -0.000070
  0.004834   0.000576  -0.002144
 -0.000071   0.001895   0.000437
 -0.000071   0.000930   0.000242
 -0.000420   0.000590  -0.001095
 -0.000356   0.000320  -0.000418
 -0.000265   0.000251   0.000220
 -0.003121  -0.000520   0.001193
 -0.002989  -0.005340  -0.002451
  0.005624   0.007244   0.004789
  0.033341   0.026760  -0.016221
  0.001245  -0.003828   0.013065
 -0.001014   0.001532  -0.012466
  0.000200   0.000076   0.000274
  0.000144  -0.000206   0.000811
    8    3  0.0000  0.0000  0.0200
  0.022729  -0.026377   0.153896
 -0.000419   0.002450  -0.001817
 -0.000914  -0.001456  -0.003349
 -0.000077  -0.001118   0.001255
  0.004165  -0.007767   0.028547
  0.022959   0.042028   0.053210
 -0.005804  -0.001268   0.003371
  0.049700   0.008070  -0.302935
 -0.001108   0.005753  -0.002934
  0.001475  -0.005300  -0.007217
 -0.004258   0.005512  -0.001212
  0.009229  -0.013517   0.000305
 -0.002539  -0.000343   0.001478
 -0.000286   0.000380  -0.000116
  0.000035   0.000198  -0.000130
  0.000634  -0.001092   0.000525
  0.000272  -0.000407   0.000413
  0.002400   0.000491  -0.001476
 -0.004253  -0.001006   0.002065
  0.007258   0.011839   0.005737
 -0.001506  -0.001430  -0.001565
 -0.100501  -0.016339   0.070080
  0.000271  -0.000847   0.002715
 -0.000404   0.000530  -0.002901
  0.000318   0.000241   0.000703
  0.000623   0.000775   0.001351
    9    1  0.0200  0.0000  0.0000
 -0.000917   0.000700   0.002068
  0.029963  -0.004130   0.021277
  0.000609  -0.000509  -0.001837
  0.056050   0.041223   0.025736
  0.134116   0.022252  -0.053941
 -0.003181  -0.001805   0.000010
 -0.000910  -0.000358   0.006787
  0.005230  -0.003994  -0.001038
 -0.318331   0.059292  -0.006822
 -0.009374  -0.002088  -0.004935
  0.002716   0.000046  -0.001814
 -0.005973  -0.000844   0.002569
  0.101565  -0.119633   0.013879
  0.005502   0.010804   0.006449
  0.000262   0.001010   0.000758
 -0.003275   0.003368  -0.015431
  0.000199  -0.001926   0.005947
  0.001531  -0.001850   0.000240
  0.003067  -0.004747   0.000304
  0.000649   0.000471  -0.000038
  0.001338   0.000949   0.000148
 -0.001147   0.001350   0.000028
  0.000199   0.000113  -0.000386
  0.000006   0.000121  -0.001027
  0.000184   0.000031   0.000721
 -0.000079   0.000155   0.000351
    9    2  0.0000  0.0200  0.0000
 -0.000071   0.000600   0.001267
 -0.003978   0.033672  -0.032764
  0.000044  -0.000905  -0.001523
  0.053155   0.107290   0.048544
  0.010184   0.030424  -0.005496
 -0.002029  -0.001658  -0.000113
 -0.000377  -0.000592  -0.010218
 -0.008161  -0.007112   0.005778
  0.059371  -0.366937   0.010279
  0.002041   0.007721   0.003325
  0.011899   0.001109  -0.006094
  0.003670   0.000275  -0.001925
 -0.119550   0.199364  -0.020675
 -0.001025  -0.001601  -0.000534
 -0.003375  -0.006079  -0.003190
 -0.000493  -0.000297  -0.000232
  0.001729  -0.003939   0.014111
 -0.001836   0.003086  -0.000303
 -0.000373   0.000363  -0.000201
  0.000511   0.000274   0.000054
  0.001071   0.000473  -0.000176
 -0.003018   0.004567  -0.000412
  0.000122  -0.000097  -0.000216
  0.000183   0.000037  -0.000406
  0.000145  -0.000151   0.000820
  0.000161   0.000112   0.000298
    9    3  0.0000  0.0000  0.0200
  0.001930   0.001606  -0.003047
  0.013473  -0.021297   0.153156
 -0.002183  -0.001170  -0.003102
  0.028675   0.042086   0.053324
 -0.048995  -0.010588   0.052268
  0.000471  -0.000759   0.001443
  0.004191  -0.006215  -0.003327
  0.000559   0.004030  -0.002998
 -0.006943   0.010328  -0.279927
 -0.003990   0.001053  -0.003054
  0.007600   0.000684  -0.004429
 -0.013383  -0.001784   0.005132
  0.013862  -0.020649   0.023780
 -0.003418  -0.006658  -0.004447
  0.006643   0.011658   0.005257
  0.000742  -0.000725   0.002994
  0.000378  -0.001019   0.003137
 -0.002610   0.003897  -0.000722
  0.001427  -0.002554   0.000455
 -0.000047   0.000080  -0.000100
  0.000167  -0.000226  -0.000393
  0.001791  -0.002248   0.000454
 -0.000392  -0.000223   0.000718
 -0.001035  -0.000386   0.001339
  0.000738   0.000804   0.001363
  0.000350   0.000275   0.000727
   10    1  0.0200  0.0000  0.0000
 -0.000763  -0.001693   0.001610
  0.000409   0.001532  -0.001635
  0.029869  -0.004693   0.020388
  0.068137  -0.054884   0.008488
 -0.003556   0.001433   0.000775
  0.133882   0.013410  -0.055501
 -0.000799  -0.001881   0.005310
  0.003795   0.004863   0.001562
 -0.009391   0.002075  -0.003930
 -0.306511  -0.046212  -0.026468
  0.001533  -0.000781  -0.000264
  0.000744  -0.000374  -0.000215
  0.002532   0.004461   0.002295
  0.006467  -0.011420   0.001513
  0.000142  -0.000787   0.000316
 -0.000006  -0.000339   0.000270
  0.000241  -0.000371   0.000735
  0.001109   0.001346   0.000755
  0.077806   0.093175   0.053661
 -0.005865  -0.000883   0.002433
  0.004070   0.001329  -0.002314
 -0.001156  -0.001763  -0.000783
 -0.000008   0.000295  -0.001013
  0.000216   0.000105  -0.000398
  0.000324  -0.000943   0.007796
 -0.003224   0.003002  -0.015385
   10    2  0.0000  0.0200  0.0000
 -0.000980   0.000794   0.000823
  0.001151  -0.002073   0.001777
 -0.001863   0.033053  -0.019364
 -0.066829   0.119876  -0.013312
  0.001431  -0.001107  -0.001098
  0.022418   0.030764  -0.011206
 -0.000910  -0.007635   0.009032
  0.008044  -0.001409  -0.005320
 -0.002082   0.007724   0.001091
 -0.046197  -0.354815  -0.043799
 -0.000901  -0.000028   0.000374
 -0.000385   0.000185   0.000066
  0.000107  -0.000191  -0.000083
  0.003545  -0.005770   0.000593
  0.000421  -0.000990   0.000433
 -0.000328   0.000382  -0.000429
 -0.000470   0.000662  -0.001063
  0.002419   0.004248   0.002474
  0.093069   0.174667   0.088341
  0.001641  -0.000161  -0.000215
 -0.013485  -0.003252   0.006703
  0.001555   0.002899   0.001454
  0.000290   0.000037  -0.000352
  0.000102  -0.000096  -0.000232
 -0.001571   0.001960  -0.013846
 -0.000189   0.000275  -0.002842
   10    3  0.0000  0.0000  0.0200
  0.001876   0.000438  -0.003562
 -0.002184   0.001428  -0.001905
  0.014520  -0.031655   0.153790
  0.005473  -0.006854   0.028736
  0.001232  -0.000347   0.001310
 -0.046588  -0.005405   0.052169
  0.003392   0.004788   0.003594
  0.004517  -0.003304  -0.007351
 -0.004993   0.003325  -0.003137
 -0.026545  -0.043665  -0.304238
 -0.000312   0.000413  -0.000091
 -0.000255   0.000013  -0.000059
  0.001261   0.002266   0.001616
 -0.003149   0.005894  -0.001261
  0.008993  -0.013636   0.000271
  0.000300  -0.000405   0.000474
  0.000728  -0.001082   0.000573
 -0.001349  -0.002001  -0.001357
  0.053540   0.088236   0.072224
 -0.013863  -0.002143   0.005413
  0.002010   0.000730  -0.001411
  0.002422   0.003575   0.002271
 -0.001054  -0.000377   0.001422
 -0.000413  -0.000207   0.000785
 -0.000403   0.000538  -0.002787
  0.000844  -0.000564   0.002514
   11    1  0.0200  0.0000  0.0000
  0.000141   0.000455  -0.001298
  0.000981  -0.000428   0.001944
 -0.000378   0.000176   0.000311
  0.002956  -0.003592  -0.004746
  0.090350   0.102545   0.059037
  0.004232  -0.000618   0.001611
  0.000759  -0.000400  -0.000246
 -0.006752  -0.005981  -0.004296
  0.002744   0.011888   0.007651
  0.001554  -0.000883  -0.000197
 -0.092066  -0.107690  -0.061052
  0.000228   0.002112   0.001045
 -0.000407  -0.000329  -0.000009
  0.000765   0.002663   0.001313
 -0.000241   0.000446   0.000369
 -0.000309   0.000105  -0.000679
 -0.000320   0.000107  -0.000588
 -0.000425   0.000204   0.000036
 -0.000863   0.000545   0.000167
 -0.000497  -0.000110  -0.000154
 -0.001611  -0.001697  -0.000726
 -0.000461   0.000539   0.000035
 -0.000129  -0.000005   0.000296
 -0.000134  -0.000081   0.000335
  0.000007   0.000079  -0.000205
 -0.000122  -0.000047   0.000046
   11    2  0.0000  0.0200  0.0000
  0.000204   0.000118   0.001632
 -0.000027   0.000499   0.000055
  0.000308  -0.000083   0.000389
  0.000038  -0.000036  -0.000533
  0.104949   0.202764   0.096043
 -0.005161   0.000708  -0.002416
 -0.000423   0.000175   0.000025
  0.008948   0.007498   0.005302
  0.000050   0.001121   0.000695
 -0.000882   0.000008   0.000452
 -0.107836  -0.206698  -0.098675
 -0.002926  -0.005996  -0.002481
  0.000546  -0.000352  -0.000178
  0.000067  -0.000316   0.000140
  0.000075  -0.000101   0.000074
  0.000033  -0.000224  -0.000010
  0.000005  -0.000160  -0.000135
  0.000187  -0.000083  -0.000127
  0.000508  -0.000009  -0.000196
  0.000442   0.000053   0.000258
  0.001500   0.001596   0.001002
 -0.000406  -0.000290   0.000020
 -0.000088  -0.000095  -0.000561
 -0.000103  -0.000109  -0.000471
  0.000010  -0.000059  -0.000096
 -0.000018   0.000071  -0.000208
   11    3  0.0000  0.0000  0.0200
 -0.000570   0.000886   0.000449
  0.000878   0.000295  -0.000685
  0.000082  -0.000011  -0.000187
 -0.001747   0.001236   0.002247
  0.054397   0.086147   0.087017
  0.000343  -0.000595   0.000149
 -0.000218   0.000024  -0.000069
 -0.001070  -0.001150  -0.001268
 -0.001851  -0.006031  -0.004405
 -0.000292   0.000405  -0.000092
 -0.061336  -0.098992  -0.089740
  0.011535   0.019315   0.009215
  0.000160   0.000259  -0.000150
 -0.000703  -0.001146  -0.000746
 -0.000037  -0.000243  -0.000424
 -0.000142   0.000043  -0.000173
  0.000043   0.000034   0.000076
  0.000115  -0.000035   0.000053
  0.000161  -0.000217  -0.000017
 -0.000064  -0.000069  -0.000296
  0.000091  -0.000203  -0.000316
  0.000104   0.000068  -0.000135
  0.000072   0.000036  -0.000137
  0.000054  -0.000013  -0.000474
  0.000014  -0.000038   0.000072
 -0.000018  -0.000005   0.000035
   12    1  0.0200  0.0000  0.0000
  0.001994  -0.002255  -0.003302
  0.006261  -0.000561   0.002387
 -0.000461   0.000116   0.000041
 -0.000829  -0.001575  -0.000694
  0.034359  -0.002970   0.032178
  0.001403   0.000730   0.000725
  0.001477  -0.000886  -0.000318
 -0.001068  -0.000427   0.009314
 -0.005899   0.003766  -0.013425
  0.000757  -0.000378  -0.000208
  0.000054  -0.002904   0.011346
 -0.033882   0.005969  -0.037545
 -0.000287  -0.000308   0.000419
  0.000093   0.000346   0.000249
  0.000092   0.000400   0.000267
 -0.000698   0.001027  -0.003153
 -0.000586   0.000072  -0.000529
 -0.000878   0.000485   0.000177
 -0.000391   0.000208   0.000110
 -0.000373  -0.000263  -0.000198
 -0.000424  -0.000506  -0.000281
 -0.000229   0.000334  -0.000216
 -0.000265   0.000140   0.000358
 -0.000254  -0.000599   0.002275
  0.000068   0.000127   0.000020
 -0.000033  -0.000084   0.000002
   12    2  0.0000  0.0200  0.0000
 -0.002658   0.003528   0.003967
  0.000680   0.000204   0.000040
  0.000025  -0.000339  -0.000254
 -0.000573   0.000305   0.000335
 -0.005421   0.048650  -0.064739
 -0.000445  -0.001365  -0.000589
 -0.000961  -0.000115   0.000253
  0.001009   0.000105  -0.013504
 -0.000887   0.000179  -0.001816
 -0.000387   0.000143   0.000116
  0.002618  -0.005283   0.019775
  0.005695  -0.045098   0.059719
  0.000432  -0.000276  -0.000085
 -0.000023  -0.000337  -0.000099
  0.000057  -0.000095  -0.000005
  0.000068  -0.000344  -0.000216
 -0.000044  -0.000147  -0.000195
  0.000485  -0.000009  -0.000209
  0.000215  -0.000036  -0.000024
  0.000225   0.000237   0.000210
  0.000075   0.000095   0.000177
 -0.000223  -0.000226   0.000339
  0.000088  -0.000252  -0.000621
 -0.000142   0.000350  -0.002679
  0.000053  -0.000013   0.000044
  0.000039   0.000140   0.000061
   12    3  0.0000  0.0000  0.0200
 -0.000152  -0.000009  -0.000406
 -0.002481   0.000247  -0.001410
  0.000247   0.000162   0.000190
 -0.000061   0.000625   0.001231
  0.036742  -0.055060   0.297227
  0.000385  -0.000383   0.000696
 -0.000311   0.000388  -0.000060
 -0.000493  -0.000074   0.000259
  0.002556  -0.001920   0.005092
 -0.000224   0.000072  -0.000063
  0.001049  -0.002464   0.008461
 -0.037703   0.059885  -0.309812
 -0.000288   0.000193  -0.000176
 -0.000212  -0.000303  -0.000415
 -0.000129  -0.000222  -0.000422
  0.000383  -0.000341   0.000927
  0.000156  -0.000039   0.000028
  0.000193  -0.000190   0.000029
  0.000067  -0.000097  -0.000067
 -0.000062  -0.000051  -0.000307
 -0.000062  -0.000142  -0.000310
  0.000414  -0.000252  -0.000208
  0.000033   0.000003  -0.000133
  0.000026   0.000113  -0.000208
 -0.000053  -0.000104  -0.000069
 -0.000020  -0.000038  -0.000074
   13    1  0.0200  0.0000  0.0000
  0.000117  -0.000117  -0.001275
  0.002035  -0.001720  -0.001813
  0.000094   0.000335   0.000849
 -0.003937   0.005956  -0.001134
  0.004573  -0.014146   0.004086
  0.001636   0.001157   0.000254
 -0.000208   0.000739   0.000738
  0.001852   0.004927  -0.002627
  0.101513  -0.119334   0.013861
  0.002500   0.000092   0.001211
 -0.000281   0.000561   0.000157
 -0.000321   0.000398  -0.000346
 -0.107458   0.124466  -0.014369
 -0.000164  -0.000399  -0.000331
 -0.000215  -0.000294   0.000016
 -0.000131   0.000061   0.000383
 -0.000160   0.000180   0.000035
 -0.000217  -0.000484  -0.000101
 -0.001119   0.001401   0.000030
 -0.000322  -0.000283  -0.000023
 -0.000780  -0.000555  -0.000113
  0.001289  -0.002577   0.000253
 -0.000064  -0.000066   0.000220
 -0.000036  -0.000076   0.000581
 -0.000144  -0.000094  -0.000393
 -0.000053  -0.000129  -0.000147
   13    2  0.0000  0.0200  0.0000
  0.000327   0.000033  -0.000399
 -0.001849   0.003508   0.002755
 -0.000177   0.000029   0.001005
 -0.010596   0.007849  -0.003987
  0.002535  -0.000700  -0.000466
  0.001121   0.000687  -0.000367
  0.000721  -0.000852  -0.001156
  0.000362   0.000472  -0.000242
 -0.119441   0.199364  -0.020638
  0.004594  -0.000239   0.002380
 -0.000303  -0.000126   0.000297
 -0.000249  -0.000217   0.000050
  0.124499  -0.209751   0.021490
  0.000591  -0.000312  -0.000069
  0.000354  -0.000348   0.000439
  0.000197  -0.000251  -0.000214
  0.000059  -0.000193  -0.000413
 -0.000506   0.000219   0.000151
 -0.001566   0.001851  -0.000254
 -0.000287  -0.000081   0.000025
 -0.000566  -0.000324   0.000154
  0.000512  -0.000644  -0.000174
 -0.000108   0.000045   0.000082
 -0.000143  -0.000079   0.000196
  0.000003   0.000013  -0.000467
 -0.000083   0.000045  -0.000180
   13    3  0.0000  0.0000  0.0200
 -0.001172  -0.000640   0.001607
  0.008915  -0.013272  -0.002348
  0.001006   0.000837   0.001626
 -0.005235   0.004982  -0.000790
 -0.002601   0.006568  -0.000740
 -0.000068   0.000110  -0.000584
 -0.002181   0.003170   0.004793
 -0.000855  -0.002205   0.001493
  0.013853  -0.020631   0.023862
  0.002381  -0.000067   0.001546
 -0.000032  -0.000167  -0.000125
  0.000405  -0.000095  -0.000045
 -0.014250   0.021145  -0.026677
  0.000267  -0.000014  -0.000155
 -0.000057  -0.000420   0.000027
 -0.000664   0.000276  -0.000185
 -0.000004   0.000746  -0.000165
  0.001850  -0.002768   0.000199
 -0.000713   0.001451  -0.000562
 -0.000012   0.000009  -0.000004
 -0.000072   0.000083   0.000181
 -0.000968   0.001182  -0.000601
  0.000232   0.000114  -0.000361
  0.000572   0.000224  -0.000803
 -0.000407  -0.000458  -0.000819
 -0.000190  -0.000160  -0.000371
   14    1  0.0200  0.0000  0.0000
  0.000064   0.000128  -0.000449
  0.000364   0.000290  -0.000787
  0.000349   0.000058  -0.001058
  0.261285   0.036905  -0.109740
 -0.000984   0.001679   0.002288
 -0.000906  -0.003200   0.001645
 -0.000097  -0.000077   0.000099
 -0.000355  -0.000051  -0.000400
  0.005508  -0.001079  -0.003497
  0.006517   0.003645  -0.003263
  0.000821   0.000014  -0.000668
  0.000102  -0.000080  -0.000111
 -0.000240   0.000512   0.000114
 -0.268087  -0.038065   0.112997
 -0.004977  -0.000605   0.001805
 -0.000120  -0.000068   0.000364
 -0.000169  -0.000016   0.000309
  0.000026   0.000003   0.000095
 -0.000209  -0.000477  -0.000033
  0.000127   0.000202  -0.000152
  0.001132   0.000451  -0.000701
  0.000153   0.000049   0.000154
 -0.000009  -0.000098   0.000127
 -0.000030   0.000044   0.000143
 -0.000181  -0.000083   0.000330
 -0.000082  -0.000080   0.000386
   14    2  0.0000  0.0200  0.0000
  0.000057  -0.000524  -0.000074
 -0.000095   0.001110  -0.001727
  0.000365  -0.000189   0.001855
  0.034605   0.034235  -0.018633
 -0.002116   0.003752   0.004299
  0.001453   0.005600  -0.002397
 -0.000078   0.000905   0.000248
 -0.000028   0.001869   0.000394
  0.010987  -0.001697  -0.006689
 -0.011457  -0.005767   0.005797
  0.002809  -0.000238  -0.001184
  0.000392  -0.000373  -0.000283
 -0.000389  -0.000293  -0.000076
 -0.038858  -0.033966   0.019670
  0.004821  -0.000450  -0.002341
  0.000140  -0.000293   0.000475
  0.000056  -0.000359   0.000653
  0.000049  -0.000492  -0.000145
  0.000577  -0.000324   0.000049
 -0.000326  -0.000564   0.000342
 -0.002943  -0.000815   0.001026
  0.000019  -0.001114  -0.000207
 -0.000065  -0.000014  -0.000127
  0.000043   0.000022   0.000105
 -0.000075   0.000048  -0.000516
  0.000058  -0.000069  -0.000515
   14    3  0.0000  0.0000  0.0200
 -0.000011  -0.000085  -0.000199
 -0.000610  -0.000677  -0.000733
 -0.000639   0.000835   0.000438
 -0.098611  -0.017776   0.084853
 -0.000560   0.002096   0.002275
  0.000395  -0.000560   0.000115
  0.000045   0.000206  -0.000072
 -0.000249   0.000412  -0.000137
  0.006443  -0.000551  -0.004435
  0.001384   0.000560  -0.001322
  0.001458   0.000334  -0.000730
  0.000266  -0.000052  -0.000508
 -0.000322   0.000038  -0.000177
  0.113152   0.019259  -0.087250
 -0.022457  -0.003643   0.009321
 -0.000028  -0.000034   0.000071
  0.000037   0.000172  -0.000151
  0.000003  -0.000124   0.000020
 -0.000060  -0.000012  -0.000125
  0.000096   0.000026  -0.000265
  0.000096  -0.000106  -0.000320
  0.000152  -0.000242  -0.000036
  0.000019   0.000003   0.000008
  0.000027  -0.000007   0.000046
  0.000001  -0.000028  -0.000520
 -0.000026  -0.000047  -0.000169
   15    1  0.0200  0.0000  0.0000
 -0.000324  -0.000036   0.000236
  0.001142   0.002738  -0.000885
  0.001639  -0.002426  -0.002392
  0.043065  -0.009024   0.045431
 -0.000591  -0.000675  -0.000098
 -0.000850   0.000508   0.000253
 -0.000541  -0.000113  -0.000141
 -0.000049  -0.000065   0.000014
  0.000249  -0.003448   0.006651
  0.000109   0.000495   0.008979
 -0.000165   0.000120   0.000020
  0.000086   0.000084  -0.000113
 -0.000237   0.000366  -0.000114
 -0.004874   0.004592  -0.022307
 -0.038306   0.007692  -0.038560
 -0.000215  -0.000184   0.000319
 -0.000093  -0.000275   0.001252
  0.000194   0.000055   0.000115
 -0.000230  -0.000234  -0.000279
  0.000132   0.000020  -0.000148
 -0.000109  -0.000087  -0.000058
  0.000072   0.000050  -0.000050
  0.000092  -0.000017  -0.000074
  0.000065   0.000067  -0.000056
 -0.000030  -0.000260   0.001589
 -0.000229   0.000058   0.000419
   15    2  0.0000  0.0200  0.0000
  0.000049  -0.000482  -0.000144
  0.001536   0.005375  -0.002167
 -0.002185   0.003900   0.004545
 -0.006757   0.039982  -0.055855
 -0.001711   0.000063   0.000713
  0.001626   0.000939  -0.000912
 -0.000100   0.001884   0.000429
 -0.000074   0.000938   0.000220
  0.001036  -0.006083   0.011699
 -0.000907  -0.001047  -0.013738
  0.000505   0.000019  -0.000209
  0.000405  -0.000086  -0.000273
 -0.000338  -0.000274  -0.000408
 -0.000108  -0.000410  -0.003845
  0.007625  -0.040591   0.059565
 -0.000120  -0.000543   0.000453
  0.000752  -0.000973   0.002906
  0.000048  -0.001086  -0.000223
  0.000313  -0.000283   0.000339
 -0.000467  -0.000256   0.000254
 -0.000597  -0.000253   0.000343
  0.000029  -0.000480  -0.000102
 -0.000137   0.000008   0.000031
  0.000120   0.000008   0.000005
 -0.000635   0.000055  -0.003093
  0.000096  -0.000321  -0.000536
   15    3  0.0000  0.0000  0.0200
 -0.000241  -0.000169   0.000191
  0.000749   0.002463  -0.001407
  0.000081   0.000148  -0.000393
  0.034733  -0.056544   0.297504
 -0.000578   0.000285   0.001232
  0.000215  -0.000491   0.000692
 -0.000242   0.000454  -0.000057
  0.000021   0.000247  -0.000056
  0.000781  -0.003186   0.005220
  0.000254   0.000429   0.000266
  0.000371   0.000088  -0.000411
  0.000267   0.000044  -0.000419
 -0.000066   0.000345  -0.000177
  0.001752  -0.001911   0.008249
 -0.038791   0.059203  -0.310086
 -0.000021  -0.000160   0.000034
  0.000171  -0.000496   0.000955
  0.000110  -0.000251   0.000029
  0.000083  -0.000478  -0.000210
  0.000077   0.000044  -0.000303
  0.000156   0.000010  -0.000305
  0.000070  -0.000096  -0.000066
  0.000048   0.000010  -0.000072
  0.000123   0.000017  -0.000066
 -0.000111   0.000021  -0.000211
 -0.000011  -0.000026  -0.000131
   16    1  0.0200  0.0000  0.0000
 -0.001094  -0.003193   0.001947
  0.254004   0.037988  -0.108517
  0.001454   0.000496   0.000589
  0.000312  -0.000171  -0.000759
  0.001036  -0.000414   0.001007
  0.000075   0.000338  -0.000072
  0.005856   0.002907  -0.004927
  0.000248  -0.000459   0.000719
 -0.003311  -0.000486   0.000775
  0.000073  -0.000335   0.000294
 -0.000305   0.000035  -0.000041
 -0.000947   0.000063   0.000367
 -0.000264   0.000262  -0.000462
 -0.000233   0.000018   0.000046
 -0.000255  -0.000020  -0.000026
 -0.264451  -0.038176   0.115981
  0.008266   0.001087  -0.004930
 -0.000212  -0.000101   0.000249
 -0.000145   0.000092  -0.000178
 -0.000082  -0.000113  -0.000096
 -0.000081  -0.000003   0.000007
 -0.000166   0.000268  -0.000399
  0.000011   0.000197  -0.000195
  0.001170   0.000420  -0.001011
 -0.000481  -0.000414  -0.000214
 -0.000478  -0.000287  -0.000152
   16    2  0.0000  0.0200  0.0000
  0.000903   0.005224  -0.002781
  0.030895   0.038223  -0.010219
 -0.000305  -0.001516  -0.000655
  0.000276   0.001228  -0.000482
 -0.001892   0.000312  -0.000699
  0.000014  -0.000402   0.000127
 -0.010638  -0.005085   0.007456
 -0.000454   0.000561  -0.001072
  0.003443  -0.000400  -0.000777
 -0.000318   0.000326  -0.000411
  0.000093  -0.000238   0.000065
  0.001061  -0.000372  -0.000317
  0.000053  -0.000273   0.000269
 -0.000018  -0.000325  -0.000071
 -0.000195  -0.000607  -0.000087
 -0.039179  -0.036874   0.015925
  0.018035   0.001688  -0.008820
  0.000327  -0.000276  -0.000352
  0.000185  -0.000161   0.000244
  0.000038   0.000103   0.000106
  0.000011  -0.000023  -0.000020
  0.000220  -0.000410   0.000589
 -0.000429  -0.000569   0.000294
 -0.002494  -0.000516   0.001471
  0.000060   0.000191   0.000053
  0.000306   0.000192   0.000166
   16    3  0.0000  0.0000  0.0200
 -0.000279  -0.000862   0.000769
 -0.115538  -0.015013   0.087857
  0.000390   0.000142   0.000631
 -0.000956  -0.001572  -0.000721
  0.005953  -0.000807   0.003797
 -0.000375  -0.000009  -0.000327
  0.001727   0.000618  -0.001386
  0.000549  -0.001138   0.000547
 -0.015511  -0.000240   0.002987
  0.000343  -0.000382   0.000397
 -0.000704   0.000035  -0.000135
 -0.003080  -0.000154   0.001068
  0.000382  -0.000222  -0.000248
  0.000252   0.000481   0.000118
  0.000302   0.000397   0.000082
  0.116264   0.015555  -0.087022
  0.010719   0.001841  -0.006256
 -0.000332   0.000440  -0.000299
 -0.000147   0.000243  -0.000191
  0.000018   0.000033  -0.000066
  0.000095   0.000084   0.000127
 -0.000356   0.000596  -0.000346
 -0.000065   0.000093  -0.000170
  0.000552   0.000027  -0.000758
 -0.000122  -0.000176  -0.000290
 -0.000082  -0.000010  -0.000163
   17    1  0.0200  0.0000  0.0000
 -0.001022   0.000725   0.000318
  0.091944   0.095242   0.051016
  0.003485  -0.000992   0.001814
 -0.000347  -0.001309   0.000245
  0.001152  -0.000098   0.000761
 -0.000213   0.000141  -0.000082
 -0.006157  -0.005707  -0.005136
  0.000021  -0.000326   0.000254
  0.000120   0.001883   0.000406
  0.000210  -0.000411   0.000711
 -0.000313   0.000054   0.000074
 -0.000664  -0.000046   0.000119
 -0.000147  -0.000018  -0.000031
 -0.000285   0.000046   0.000008
 -0.000082   0.000699   0.000115
  0.009505   0.017713   0.010092
 -0.095287  -0.106447  -0.059186
 -0.000197   0.000324   0.000277
 -0.000225   0.000210  -0.000398
  0.000045  -0.000013  -0.000067
 -0.000020  -0.000033   0.000020
 -0.000032   0.000162  -0.000162
  0.000109   0.000089  -0.000064
 -0.000037  -0.000151   0.000058
 -0.000996  -0.001559  -0.000982
 -0.000568  -0.000179  -0.000181
   17    2  0.0000  0.0200  0.0000
  0.001436   0.001069  -0.000892
  0.102908   0.198388   0.098393
 -0.005288   0.000716  -0.003001
  0.000162   0.001570  -0.001008
 -0.000431   0.000263   0.000652
  0.000391  -0.000115   0.000170
  0.007944   0.006975   0.007679
 -0.000378   0.000301  -0.000416
 -0.001903  -0.003810  -0.001120
 -0.000329   0.000733  -0.001011
  0.000062  -0.000115   0.000034
  0.000050  -0.000141  -0.000097
  0.000134  -0.000255   0.000581
 -0.000099  -0.000297   0.000096
 -0.000304  -0.001079  -0.000718
  0.001771   0.001462   0.001346
 -0.106820  -0.205765  -0.103775
 -0.000151  -0.000215  -0.000325
  0.000194  -0.000439   0.000571
 -0.000180   0.000015   0.000041
 -0.000023  -0.000057  -0.000004
  0.000113  -0.000195   0.000243
 -0.000501  -0.000230   0.000301
 -0.000595  -0.000357   0.000279
  0.001515   0.001552   0.001595
  0.000324   0.000027   0.000384
   17    3  0.0000  0.0000  0.0200
 -0.000318  -0.000308   0.000629
  0.058090   0.102831   0.090097
  0.000894  -0.000091   0.000806
 -0.001559  -0.005821   0.003739
  0.001801   0.000281  -0.000685
  0.000151   0.000354  -0.000324
 -0.001240  -0.001370  -0.001388
  0.000215  -0.000452   0.000408
  0.006024   0.014246   0.003137
  0.000826  -0.000952   0.000542
 -0.000538  -0.000043   0.000124
 -0.000487  -0.000129   0.000058
  0.000050  -0.000433  -0.000273
  0.000239   0.000650  -0.000153
  0.001277   0.002769   0.001057
 -0.005203  -0.008895  -0.006400
 -0.059163  -0.103493  -0.089164
 -0.000279   0.000457  -0.000303
 -0.000412   0.000565  -0.000349
 -0.000045  -0.000007  -0.000059
 -0.000121  -0.000066   0.000128
 -0.000170   0.000223  -0.000200
  0.000043   0.000093  -0.000161
  0.000216   0.000040  -0.000294
 -0.000232  -0.000530  -0.000780
 -0.000059   0.000081  -0.000194
   18    1  0.0200  0.0000  0.0000
 -0.004817   0.002628  -0.013575
  0.000543   0.000531   0.009327
  0.000636  -0.003676   0.006886
 -0.000637  -0.000279   0.000186
  0.001786  -0.001095  -0.000517
  0.001471   0.001335   0.000009
  0.025928  -0.006884   0.032811
  0.005037  -0.000271   0.002376
  0.001564  -0.001830  -0.002628
  0.001129   0.002506  -0.001357
 -0.000390   0.000223   0.000136
 -0.000918   0.000487   0.000189
 -0.000170  -0.000575   0.001901
  0.000015   0.000037   0.000035
  0.000258   0.000080   0.000169
 -0.000207   0.000397  -0.000279
 -0.000337  -0.000429  -0.000575
 -0.028482   0.007424  -0.034221
 -0.000286  -0.000245   0.001615
 -0.000770  -0.000595  -0.000075
 -0.000329  -0.000277   0.000013
 -0.000522   0.000662  -0.003028
 -0.000163   0.000230   0.000605
 -0.000149  -0.000469   0.000470
 -0.000121   0.000228  -0.000095
 -0.000073  -0.000143  -0.000380
   18    2  0.0000  0.0200  0.0000
 -0.001468   0.001168  -0.002074
  0.000566   0.000022  -0.013922
  0.000233  -0.004380   0.011705
 -0.000119   0.002276   0.000510
 -0.001201  -0.000110   0.000021
  0.001318   0.000399   0.000031
 -0.006884   0.032209  -0.051309
  0.000856   0.000199   0.000520
 -0.001936   0.003064   0.003941
  0.001345   0.004138  -0.001965
  0.000187  -0.000060  -0.000075
  0.000499   0.000012  -0.000188
 -0.000522   0.000253  -0.002778
  0.000034  -0.000489  -0.000128
  0.000038  -0.001123  -0.000228
 -0.000252  -0.000241   0.000432
  0.000364  -0.000112   0.000512
  0.007255  -0.035298   0.053626
  0.000544  -0.000686   0.002650
 -0.000619  -0.000300   0.000105
 -0.000261  -0.000153  -0.000029
 -0.000028  -0.000411  -0.000601
 -0.000038  -0.000027   0.000238
  0.000335  -0.000149  -0.000044
 -0.000482  -0.000026  -0.000445
  0.000233  -0.000173  -0.000504
   18    3  0.0000  0.0000  0.0200
  0.005210  -0.001011   0.006794
 -0.001378   0.002012   0.002725
 -0.001118  -0.005353   0.006901
 -0.000343   0.000482  -0.000037
 -0.000332   0.000494  -0.000044
  0.000255  -0.000390  -0.000277
  0.032936  -0.051452   0.266881
 -0.002598   0.000196  -0.001434
  0.000234  -0.000371  -0.000714
  0.000805   0.002527  -0.001434
  0.000064  -0.000132   0.000020
  0.000169  -0.000222   0.000004
 -0.000116   0.000163  -0.000058
  0.000099  -0.000116   0.000026
  0.000138  -0.000246  -0.000019
  0.000206  -0.000247  -0.000378
  0.000159  -0.000271  -0.000364
 -0.034273   0.053587  -0.279143
  0.000163  -0.000443   0.001054
 -0.000096   0.000126   0.000151
 -0.000044   0.000055   0.000082
  0.000386  -0.000312   0.000982
 -0.000390  -0.000080  -0.000419
 -0.000348   0.000202  -0.000427
 -0.000071   0.000446  -0.000427
  0.000282   0.000358  -0.000445
   19    1  0.0200  0.0000  0.0000
  0.000066   0.000655  -0.001098
  0.000148  -0.000715   0.000769
  0.001797   0.002344  -0.000692
 -0.004457  -0.006121  -0.004388
  0.001861  -0.001009  -0.000278
  0.003317   0.011500   0.009532
 -0.000097  -0.000976   0.000364
  0.002302  -0.003161  -0.004348
  0.003034  -0.000356   0.001403
  0.077775   0.092868   0.053515
 -0.000915   0.000477   0.000140
 -0.000394   0.000233   0.000100
 -0.001129  -0.001597  -0.000708
 -0.000160   0.000523  -0.000132
 -0.000226   0.000267   0.000204
 -0.000096   0.000179  -0.000106
 -0.000192   0.000258  -0.000382
 -0.000295   0.000483   0.000138
 -0.082381  -0.096862  -0.055829
 -0.000314  -0.000230  -0.000483
 -0.000263  -0.000596  -0.000059
  0.001024   0.002411   0.001311
 -0.000042  -0.000169   0.000567
 -0.000085  -0.000044   0.000225
 -0.000153  -0.000160  -0.000082
 -0.000125  -0.000201   0.000315
   19    2  0.0000  0.0200  0.0000
  0.000178  -0.000104  -0.000548
 -0.000461   0.000844  -0.001301
 -0.001607  -0.001328  -0.002388
  0.010330   0.007497   0.007229
 -0.000981   0.000094   0.000653
 -0.001013   0.002795   0.002483
  0.000152   0.001028  -0.000694
  0.000194  -0.000448  -0.000909
 -0.004707   0.000367  -0.002549
  0.093063   0.174675   0.088340
  0.000494  -0.000014  -0.000201
  0.000206  -0.000035  -0.000104
  0.001344   0.001617   0.001264
 -0.000492  -0.000485  -0.000089
 -0.000211  -0.000466  -0.000480
  0.000087  -0.000174   0.000283
  0.000256  -0.000380   0.000587
 -0.000272  -0.000903  -0.000463
 -0.096796  -0.183098  -0.091877
 -0.000045  -0.000271  -0.000268
  0.000292  -0.000353  -0.000307
  0.000135  -0.000102   0.000349
 -0.000119  -0.000044   0.000211
  0.000051  -0.000048   0.000146
 -0.000024  -0.000362   0.000413
 -0.000052  -0.000302   0.000221
   19    3  0.0000  0.0000  0.0200
 -0.001202  -0.000242   0.001688
  0.001096  -0.001024   0.000708
  0.007353   0.014616   0.002789
 -0.000292  -0.001703   0.000267
 -0.000500   0.000252  -0.000261
 -0.002608  -0.005575  -0.002859
 -0.001841  -0.005265   0.003049
 -0.001025   0.001173   0.002076
  0.000280  -0.000177   0.000388
  0.053496   0.088164   0.072190
  0.000181  -0.000193  -0.000015
  0.000118   0.000002  -0.000029
  0.000038  -0.000294  -0.000608
 -0.000032  -0.000010  -0.000166
 -0.000281   0.000300  -0.000100
 -0.000137   0.000240  -0.000205
 -0.000432   0.000558  -0.000354
  0.001594   0.002549   0.001117
 -0.055837  -0.091927  -0.076566
  0.000510   0.000050  -0.000123
  0.000117   0.000191  -0.000204
 -0.000877  -0.001032  -0.000985
  0.000573   0.000156  -0.000823
  0.000240   0.000111  -0.000370
 -0.000003  -0.000592  -0.000321
 -0.000527  -0.000330  -0.000285
   20    1  0.0200  0.0000  0.0000
  0.001473   0.003112  -0.001816
 -0.000413  -0.000099  -0.000031
  0.006205   0.000185   0.002475
 -0.001067   0.001511   0.000046
  0.001497  -0.000623   0.000431
  0.034904  -0.010245   0.029456
  0.001264   0.001046   0.000143
 -0.000849  -0.002937   0.007250
  0.000648   0.000499  -0.000052
 -0.005753   0.001619  -0.013868
 -0.000509   0.000454  -0.000106
 -0.000345   0.000233  -0.000011
 -0.000284  -0.000288   0.000016
  0.000254  -0.000318   0.000014
  0.000181  -0.000453   0.000166
  0.000011   0.000065   0.000021
  0.000085  -0.000149  -0.000051
 -0.000715  -0.000561  -0.000037
 -0.000299   0.000024   0.000349
 -0.034949   0.010281  -0.036719
  0.000630  -0.002955   0.014116
 -0.000259  -0.000218  -0.000255
 -0.000296  -0.000406   0.001977
 -0.000231  -0.000199   0.000204
 -0.000557   0.000097  -0.000501
 -0.000625   0.000324  -0.003216
   20    2  0.0000  0.0200  0.0000
  0.002098   0.004862  -0.001870
 -0.000127  -0.000326   0.000037
  0.001145   0.000100   0.000997
  0.000393   0.001139  -0.000504
  0.000451  -0.001432  -0.000254
 -0.010373   0.044159  -0.046591
  0.001049   0.000386  -0.000179
 -0.000568  -0.005273   0.011954
  0.000472   0.000262   0.000045
 -0.000870  -0.000269  -0.002321
 -0.000030   0.000199   0.000001
 -0.000244   0.000246  -0.000089
 -0.000272  -0.000092  -0.000012
  0.000205  -0.000560   0.000074
  0.000042  -0.000272   0.000016
 -0.000064   0.000130   0.000022
  0.000008   0.000023  -0.000005
 -0.000581  -0.000272   0.000135
 -0.000168  -0.000119   0.000118
  0.010039  -0.044020   0.057454
 -0.002721   0.002845  -0.020892
  0.000169  -0.000188  -0.000460
  0.000217  -0.000574   0.002750
 -0.000011  -0.000571   0.000497
 -0.000094  -0.000153  -0.000029
 -0.000166  -0.000231  -0.000896
   20    3  0.0000  0.0000  0.0200
  0.000835   0.002438  -0.001302
  0.000197  -0.000304   0.000191
 -0.002513   0.000135  -0.001282
  0.000132  -0.000797   0.000697
  0.000687  -0.000446   0.000712
  0.035806  -0.056070   0.301223
  0.000201  -0.000300  -0.000172
 -0.000788  -0.002537   0.005600
 -0.000071   0.000089  -0.000114
  0.002538  -0.000260   0.005448
 -0.000181   0.000284  -0.000213
 -0.000189   0.000279  -0.000127
 -0.000022   0.000031   0.000051
 -0.000170   0.000271  -0.000213
 -0.000182   0.000284  -0.000140
 -0.000008   0.000130  -0.000011
 -0.000115   0.000070  -0.000000
 -0.000091   0.000126   0.000136
 -0.000427  -0.000213  -0.000138
 -0.036522   0.057121  -0.312510
 -0.000057   0.000029   0.000180
  0.000428   0.000328  -0.000162
  0.000060  -0.000398   0.000970
 -0.000051  -0.000108   0.000138
  0.000116   0.000004   0.000138
  0.000387  -0.000185   0.000899
   21    1  0.0200  0.0000  0.0000
  0.000203   0.000070  -0.001268
 -0.000306  -0.000319   0.000160
  0.000961  -0.000388   0.001860
  0.002395   0.005517  -0.002829
  0.003548   0.000306   0.001530
  0.117040  -0.132579   0.015511
  0.000650   0.000506  -0.000013
 -0.006344   0.005604  -0.001297
  0.001346   0.000972   0.000174
  0.004184  -0.013672   0.002049
 -0.001453   0.001628   0.000115
 -0.000440   0.000096  -0.000094
 -0.000747  -0.000558  -0.000087
  0.001207  -0.002860   0.000145
 -0.000115  -0.000566   0.000130
 -0.000007   0.000028   0.000044
  0.000034   0.000026  -0.000167
 -0.000341  -0.000233  -0.000057
 -0.000231   0.000387   0.000182
  0.000469  -0.002351  -0.000447
 -0.121090   0.138743  -0.014750
 -0.000276  -0.000507  -0.000223
 -0.000092  -0.000072   0.000319
 -0.000122  -0.000080   0.000232
 -0.000251   0.000116  -0.000562
 -0.000222   0.000185  -0.000657
   21    2  0.0000  0.0200  0.0000
 -0.000091   0.001122  -0.001482
 -0.000341  -0.000034  -0.000306
 -0.000251   0.000415   0.000634
  0.000906   0.001353  -0.000525
  0.004874   0.000009   0.002358
 -0.132178   0.224883  -0.022487
  0.000521   0.000275   0.000050
 -0.009122   0.007320  -0.001615
  0.001075   0.000478  -0.000213
  0.001350  -0.003259   0.000728
 -0.001696   0.001580  -0.000149
 -0.000421   0.000038  -0.000146
 -0.000602  -0.000275   0.000089
  0.000394  -0.001085  -0.000102
 -0.000053  -0.000294   0.000013
 -0.000006  -0.000030   0.000200
  0.000022  -0.000072   0.000013
 -0.000231  -0.000194   0.000073
 -0.000569  -0.000344   0.000097
 -0.002206   0.002272  -0.000185
  0.138096  -0.232739   0.022096
  0.000320  -0.000275  -0.000095
  0.000120  -0.000332   0.000563
  0.000103  -0.000382   0.000504
  0.000010  -0.000217  -0.000046
 -0.000025  -0.000212  -0.000068
   21    3  0.0000  0.0000  0.0200
 -0.000484  -0.000628  -0.000622
 -0.000069   0.000099  -0.000310
  0.000781   0.000215  -0.000591
 -0.001416  -0.002087   0.001446
  0.002521   0.000511   0.001503
  0.008879  -0.013314   0.038583
 -0.000025   0.000051  -0.000075
 -0.005402   0.004805  -0.001540
  0.000123  -0.000154  -0.000437
 -0.002347   0.006673  -0.001503
 -0.000704   0.001097  -0.000330
 -0.000284   0.000211  -0.000313
 -0.000091   0.000122   0.000133
 -0.000738   0.001035  -0.000330
 -0.000086   0.000338  -0.000312
  0.000020  -0.000009   0.000079
 -0.000000  -0.000023   0.000078
  0.000012  -0.000025   0.000062
 -0.000060  -0.000292  -0.000204
  0.013965  -0.020794   0.000578
 -0.014932   0.022298  -0.035352
  0.000296  -0.000058  -0.000207
  0.000068   0.000070  -0.000227
  0.000061  -0.000035   0.000066
  0.000005  -0.000069   0.000059
 -0.000092  -0.000036  -0.000234
   22    1  0.0200  0.0000  0.0000
 -0.000538  -0.000618   0.002424
  0.000329  -0.000493   0.000879
  0.000225   0.000117   0.000856
 -0.000350  -0.000060  -0.000559
  0.007259   0.005633  -0.004974
  0.006511  -0.002319  -0.005910
  0.000472  -0.000105   0.000438
  0.227860   0.033376  -0.100505
 -0.001078  -0.003092   0.001794
 -0.001157   0.001594   0.002461
 -0.000396  -0.000373   0.000137
 -0.000398  -0.000167   0.000374
  0.001208   0.000404  -0.000909
  0.000128   0.000053   0.000168
  0.000062   0.000041   0.000039
 -0.000192   0.000247  -0.000408
 -0.000065   0.000094  -0.000227
 -0.000697  -0.000084   0.000382
  0.000912   0.000118  -0.000849
 -0.000232  -0.000219   0.000843
 -0.000511   0.000506   0.000097
 -0.238444  -0.034751   0.104746
 -0.000333   0.000109  -0.000324
 -0.000348   0.000037  -0.000364
 -0.000033   0.000015  -0.000219
 -0.000192  -0.000065  -0.000392
   22    2  0.0000  0.0200  0.0000
  0.003456   0.001050  -0.000241
 -0.000755   0.000647  -0.001208
  0.000630  -0.000294   0.000775
 -0.000091   0.002256   0.000500
 -0.010998  -0.004280   0.006651
  0.010243  -0.000420  -0.007779
 -0.001281   0.000325  -0.000663
  0.033263   0.026799  -0.016189
  0.001314   0.004390  -0.002216
 -0.001785   0.002898   0.003687
  0.000689  -0.000108   0.000116
  0.000343  -0.000240  -0.000466
 -0.002601  -0.000565   0.001099
  0.000019  -0.001135  -0.000211
  0.000053  -0.000496  -0.000147
  0.000255  -0.000412   0.000580
  0.000176  -0.000189   0.000217
  0.000718  -0.000452  -0.000302
  0.002515   0.000033  -0.001041
 -0.000177  -0.000210   0.000403
 -0.000559  -0.000076  -0.000054
 -0.035096  -0.029308   0.017098
 -0.000075  -0.000062  -0.000212
 -0.000081  -0.000116   0.000210
 -0.000021  -0.000093  -0.000169
 -0.000153   0.000058  -0.000435
   22    3  0.0000  0.0000  0.0200
 -0.016344  -0.001353   0.002627
  0.000498  -0.001427   0.000689
  0.000645   0.000995   0.001689
 -0.000067   0.000550  -0.000263
  0.001658  -0.000373   0.000242
  0.006306   0.000279  -0.002935
  0.005558  -0.000335   0.003098
 -0.100180  -0.016173   0.070129
  0.000049  -0.000326   0.000343
 -0.000736   0.001380   0.002077
  0.000037   0.000102  -0.000151
 -0.000210   0.000392  -0.000129
  0.000191  -0.000104  -0.000597
  0.000116  -0.000261  -0.000029
 -0.000044  -0.000121  -0.000012
 -0.000353   0.000618  -0.000346
 -0.000187   0.000225  -0.000188
 -0.003008  -0.000540   0.001153
  0.001382   0.000524  -0.000938
 -0.000248  -0.000460   0.000005
 -0.000304   0.000069  -0.000195
  0.104709   0.016822  -0.074590
  0.000550   0.000400  -0.000168
  0.000543  -0.000243  -0.000285
 -0.000201  -0.000168  -0.000380
 -0.000361  -0.000471  -0.000847
   23    1  0.0200  0.0000  0.0000
  0.098614   0.105024   0.064142
 -0.000900   0.001428  -0.000086
  0.002791  -0.002958  -0.004958
 -0.000282   0.000295   0.000250
  0.000335   0.000026  -0.000359
  0.000112  -0.000415   0.000393
  0.003789   0.010346   0.009268
  0.000582   0.001357   0.000154
  0.000197   0.000041  -0.000438
  0.000006   0.000392  -0.001001
 -0.000074  -0.000051   0.000068
 -0.000262   0.000079   0.000021
 -0.000065  -0.000110   0.000239
 -0.000007  -0.000085   0.000029
  0.000139  -0.000130  -0.000032
  0.000082  -0.000388  -0.000004
  0.000197  -0.000450   0.000087
 -0.000251  -0.000111  -0.000423
 -0.000037  -0.000149   0.000588
 -0.000355   0.000125   0.000022
 -0.000065   0.000108   0.000101
 -0.000090  -0.000126   0.000331
 -0.097358  -0.105544  -0.063926
 -0.008116  -0.011298  -0.006514
 -0.000066   0.000453   0.000472
  0.001085   0.002143   0.001574
   23    2  0.0000  0.0200  0.0000
  0.095081   0.195501   0.092857
  0.000623   0.001074  -0.000499
  0.000049  -0.000834  -0.000974
 -0.000028   0.000013   0.000123
  0.000270   0.000021   0.001045
  0.000268   0.000993  -0.001221
  0.000479   0.000754   0.001476
 -0.001827  -0.003759  -0.001049
  0.000075  -0.000132  -0.000222
  0.000262   0.000089  -0.000325
  0.000024  -0.000081   0.000010
  0.000113  -0.000303  -0.000087
 -0.000043   0.000001   0.000104
 -0.000037  -0.000018   0.000006
  0.000028  -0.000039  -0.000035
  0.000180  -0.000560   0.000086
  0.000091  -0.000294   0.000065
  0.000124  -0.000109  -0.000106
 -0.000125  -0.000093   0.000194
 -0.000432  -0.000734  -0.000494
 -0.000033  -0.000383   0.000013
  0.000095  -0.000135   0.000349
 -0.105434  -0.205278  -0.101141
  0.010087   0.014388   0.009303
  0.000043  -0.000215   0.000072
  0.000069   0.000132   0.000451
   23    3  0.0000  0.0000  0.0200
  0.061793   0.098320   0.085911
  0.000691  -0.000943   0.000471
 -0.001356   0.001529   0.002915
  0.000159   0.000298  -0.000390
 -0.001240   0.001787   0.000348
 -0.002234  -0.005762   0.003900
 -0.002309  -0.005656  -0.004992
  0.008518   0.013190   0.002602
 -0.000387  -0.000266   0.000692
 -0.000994  -0.000246   0.001386
  0.000398  -0.000500  -0.000101
  0.000363  -0.000607  -0.000144
  0.000230   0.000092  -0.000377
  0.000082  -0.000146   0.000073
 -0.000043   0.000002  -0.000069
 -0.000241   0.000278  -0.000161
 -0.000051   0.000248  -0.000167
  0.000554   0.000159  -0.000296
  0.000557   0.000137  -0.000815
  0.001938   0.002658   0.000892
  0.000381   0.000528  -0.000205
 -0.000362  -0.000200  -0.000234
 -0.064032  -0.101696  -0.087258
 -0.001402  -0.001716  -0.002355
  0.000093  -0.000229  -0.000387
 -0.001107  -0.001259  -0.001240
   24    1  0.0200  0.0000  0.0000
  0.124350  -0.134762   0.018836
  0.002333   0.005000  -0.003215
 -0.000615  -0.001391  -0.000753
 -0.000197  -0.000423   0.000090
  0.000112   0.000257   0.000480
  0.000382   0.000048  -0.000256
  0.005029  -0.012621   0.004271
  0.000767  -0.001035  -0.000473
  0.000061   0.000047  -0.001068
  0.000222   0.000184  -0.000383
 -0.000042  -0.000114   0.000040
 -0.000330  -0.000097  -0.000094
 -0.000044  -0.000062   0.000573
 -0.000006   0.000068   0.000063
  0.000149   0.000156   0.000018
  0.001263  -0.002423   0.000602
  0.000019  -0.000548   0.000251
 -0.000232   0.000270  -0.000363
 -0.000052  -0.000019   0.000241
 -0.000217  -0.000059  -0.000024
 -0.000064   0.000040   0.000080
 -0.000249  -0.000084   0.000519
 -0.008299   0.010187  -0.001364
 -0.124541   0.136552  -0.018517
  0.000150   0.000429   0.000266
  0.000051   0.000400   0.000179
   24    2  0.0000  0.0200  0.0000
 -0.124954   0.222075  -0.019659
  0.000850   0.000774  -0.000769
 -0.000939   0.000195   0.000285
 -0.000056   0.000093   0.000123
  0.000764  -0.000957  -0.000846
  0.000124   0.001135  -0.000619
  0.001223  -0.003211   0.000526
 -0.001872   0.001528   0.000588
  0.000190   0.000085  -0.000374
  0.000117  -0.000102  -0.000202
 -0.000081  -0.000142   0.000036
 -0.000445   0.000270   0.000133
 -0.000120  -0.000063   0.000196
 -0.000017  -0.000043  -0.000048
  0.000002  -0.000024   0.000019
  0.000431  -0.000700   0.000098
  0.000009  -0.000305   0.000028
 -0.000306  -0.000125   0.000217
 -0.000070  -0.000014   0.000080
 -0.000187  -0.000503  -0.000142
 -0.000096  -0.000329  -0.000049
  0.000068  -0.000098  -0.000158
 -0.010884   0.013647  -0.002279
  0.136286  -0.232750   0.022928
  0.000012  -0.000149  -0.000011
 -0.000049  -0.000288  -0.000102
   24    3  0.0000  0.0000  0.0200
  0.021106  -0.024782   0.033567
 -0.001038  -0.002919   0.002036
  0.000153   0.000903   0.001201
  0.000135  -0.000082  -0.000462
 -0.002634   0.003200   0.005885
 -0.001048  -0.001536  -0.000869
 -0.002923   0.006618  -0.002457
  0.009875  -0.012472  -0.002813
 -0.001022  -0.000418   0.001332
 -0.000409  -0.000181   0.000725
  0.000374  -0.000553  -0.000447
  0.002244  -0.002704   0.000078
  0.000576   0.000185  -0.000776
  0.000112   0.000095   0.000109
 -0.000046  -0.000015  -0.000012
 -0.001076   0.001530  -0.000759
  0.000021   0.000231  -0.000298
  0.000430  -0.000027  -0.000301
  0.000234   0.000134  -0.000340
  0.000213   0.000408   0.000230
  0.000241   0.000508   0.000098
 -0.000449   0.000222  -0.000278
 -0.006523   0.009990  -0.002269
 -0.018244   0.022266  -0.032461
 -0.000117  -0.000203  -0.000297
 -0.000185  -0.000398  -0.000423
   25    1  0.0200  0.0000  0.0000
 -0.000781  -0.000977  -0.000093
  0.002871   0.000523   0.001799
  0.117276  -0.122123   0.011132
 -0.000471   0.001008   0.000690
 -0.000150  -0.000094  -0.000119
  0.001126  -0.000172   0.000770
 -0.005891   0.005638  -0.002039
  0.000044   0.000164   0.000320
  0.000198   0.000081   0.000695
  0.000334  -0.001742  -0.000424
  0.000012   0.000004   0.000028
  0.000074  -0.000003  -0.000023
 -0.000163  -0.000043  -0.000398
 -0.000254  -0.000058  -0.000022
  0.000009  -0.000611  -0.000224
 -0.000546   0.000167  -0.000062
 -0.000971   0.001501  -0.000210
 -0.000138  -0.000390   0.000072
 -0.000122  -0.000007  -0.000007
 -0.000600  -0.000046   0.000072
 -0.000255  -0.000104   0.000038
 -0.000050  -0.000093  -0.000144
  0.000010   0.000247   0.000098
  0.000052   0.000027  -0.000201
 -0.122932   0.136167  -0.014086
  0.011320  -0.019064   0.002337
   25    2  0.0000  0.0200  0.0000
 -0.001367   0.000285   0.000640
  0.004509   0.000089   0.002587
 -0.131597   0.229775  -0.025076
  0.000500  -0.000289  -0.000660
 -0.000517  -0.000066   0.000010
 -0.000166   0.000509   0.000078
 -0.007927   0.007799  -0.003707
  0.000177   0.000099   0.000298
  0.000109  -0.000163   0.000839
 -0.000892   0.001947   0.000533
  0.000109  -0.000045  -0.000046
  0.000183   0.000021  -0.000111
 -0.000106   0.000039  -0.000447
 -0.000118  -0.000100   0.000014
 -0.000227  -0.000152   0.000025
 -0.000414   0.000050  -0.000170
 -0.001361   0.001542  -0.000509
  0.000206  -0.000325   0.000378
 -0.000174  -0.000377  -0.000531
  0.000034  -0.000253  -0.000062
  0.000174  -0.000239  -0.000082
  0.000037  -0.000090  -0.000203
  0.000433  -0.000175  -0.000147
  0.000505  -0.000208  -0.000214
  0.135404  -0.234442   0.025936
  0.002485  -0.005230   0.000627
   25    3  0.0000  0.0000  0.0200
 -0.000943   0.000142   0.001293
  0.003161  -0.000192   0.002235
  0.014789  -0.029013   0.033530
 -0.001985   0.003521   0.005874
  0.000045  -0.000149  -0.000486
  0.001765   0.000363  -0.000843
 -0.005186   0.005247  -0.002465
  0.000360   0.000255   0.000760
  0.000707   0.000844   0.001400
  0.007805  -0.013848  -0.002752
 -0.000183  -0.000091   0.000078
  0.000013   0.000064  -0.000014
 -0.000375  -0.000463  -0.000809
  0.000322  -0.000489  -0.000474
  0.001537  -0.002982  -0.000098
 -0.000184   0.000125  -0.000361
 -0.001077   0.001587  -0.000839
 -0.000149  -0.000348  -0.000378
 -0.000101   0.000493  -0.000388
 -0.000455  -0.000015   0.000117
 -0.000577   0.000006   0.000071
 -0.000245  -0.000134  -0.000363
  0.000419   0.000031  -0.000464
  0.000202   0.000081  -0.000337
 -0.013681   0.025304  -0.031873
 -0.005983   0.009659  -0.002412
   26    1  0.0200  0.0000  0.0000
 -0.001307   0.001662   0.002612
  0.001457  -0.000347   0.000394
  0.253492   0.033566  -0.108476
  0.000184   0.000381  -0.000789
  0.000089  -0.000176  -0.000209
  0.000855  -0.000023   0.001016
  0.004947   0.000043  -0.004745
  0.000265   0.000134   0.000641
 -0.000021   0.000153   0.000305
 -0.003217  -0.000236   0.000809
 -0.000044  -0.000021  -0.000024
 -0.000047   0.000084   0.000038
 -0.000058  -0.000049  -0.000177
 -0.000116  -0.000002  -0.000024
 -0.000187   0.000046   0.000082
 -0.000358   0.000283  -0.000070
 -0.000490   0.000435  -0.000033
 -0.000120   0.000032   0.000286
 -0.000149   0.000033  -0.000472
 -0.000808  -0.000264   0.000386
 -0.000285   0.000006  -0.000037
 -0.000169  -0.000085  -0.000381
  0.001018   0.000104  -0.000943
 -0.000006  -0.000018  -0.000224
  0.010540   0.002406  -0.005917
 -0.265466  -0.038147   0.115953
   26    2  0.0000  0.0200  0.0000
 -0.001291   0.003298   0.004204
  0.000449  -0.001292  -0.000109
  0.043401   0.043106  -0.024229
  0.000086   0.000168   0.000678
  0.000176  -0.000315  -0.000178
 -0.000764   0.000326  -0.000870
  0.009821  -0.000430  -0.007939
  0.000267  -0.000230   0.000760
  0.000134   0.000102   0.000279
  0.003067   0.000239  -0.000490
 -0.000075   0.000024  -0.000028
 -0.000060   0.000136   0.000046
 -0.000103  -0.000008  -0.000161
 -0.000041  -0.000052  -0.000078
  0.000069  -0.000320  -0.000016
 -0.000214   0.000252  -0.000053
 -0.000153   0.000045   0.000032
 -0.000178  -0.000233   0.000354
 -0.000190  -0.000215  -0.000313
  0.000326  -0.000306  -0.000135
  0.000195  -0.000141  -0.000070
 -0.000140   0.000048  -0.000424
  0.002087   0.000076  -0.001289
  0.000382  -0.000235  -0.000394
 -0.018459  -0.005093   0.009382
 -0.038793  -0.038950   0.021044
   26    3  0.0000  0.0000  0.0200
 -0.000983   0.001882   0.003032
  0.000654  -0.001010   0.000516
 -0.112385  -0.020064   0.083585
 -0.001220   0.001784   0.000313
 -0.000344  -0.000021  -0.000389
  0.006084  -0.000164   0.003895
  0.006293   0.000009  -0.005087
  0.000614   0.000802   0.001376
  0.000350   0.000257   0.000708
 -0.015433  -0.002959   0.002478
  0.000093  -0.000142   0.000064
  0.000015   0.000033  -0.000036
 -0.000158  -0.000183  -0.000378
  0.000331  -0.000534  -0.000112
  0.000429  -0.000553  -0.000104
 -0.000209   0.000168  -0.000177
 -0.000187   0.000362  -0.000159
 -0.000339  -0.000433  -0.000263
  0.000345   0.000319  -0.000254
 -0.003182  -0.000808   0.000976
 -0.000668  -0.000099  -0.000211
 -0.000361  -0.000453  -0.000813
  0.001684   0.000584  -0.001240
  0.000191  -0.000159  -0.000400
  0.002163   0.000722  -0.002436
  0.116223   0.020661  -0.084883
